178	0	0	0	0	0	0	0	7.1	0	0	0	0	0	0	0	0	0	0	0	0	0
13417	0	0	0	0	0	8.3	0	8.3	0	0	0	0	0	0	0	0	0	0	0	0	0
2301	0	0	0	5.1	0	0	0	5.1	0	0	0	0	0	0	0	0	0	0	0	0	0
777	0	0	0	0	0	7.8	0	7.8	0	0	0	0	0	0	0	7.8	0	0	0	0	0
7	0	0	0	0	5.7	0	0	0	0	0	0	0	0	0	0	5.7	0	0	0	0	0
1440	0	0	0	0	8.1	0	0	0	0	0	0	0	0	0	0	0	0	0	0	0	0
22440	0	0	0	0	0	0	0	8.2	0	0	0	0	8.2	0	0	0	0	0	0	0	0
56	0	0	0	0	0	0	0	4.8	0	0	0	0	0	0	0	0	0	0	0	0	0
295	0	0	0	0	4.3	4.3	0	4.3	0	0	0	0	0	0	0	0	0	0	0	0	0
504	0	0	0	0	4.2	0	0	4.2	0	0	0	0	0	0	0	0	0	0	0	0	0
1000	7.3	0	0	0	0	0	0	7.3	0	0	0	0	0	0	0	0	0	0	0	7.3	0
10653	7.4	0	0	0	0	0	0	7.4	0	0	7.4	0	0	0	0	0	0	0	0	0	0
12049	5.5	0	0	0	0	0	0	0	0	0	0	0	0	0	0	0	0	0	0	5.5	0
85	7.4	0	0	0	0	0	0	7.4	0	0	0	0	0	0	0	7.4	0	0	0	0	0
7361	6.5	0	0	6.5	0	0	0	6.5	0	0	0	0	0	0	0	0	0	0	0	0	0
562	4.6	0	0	0	0	0	0	4.6	0	0	0	0	0	0	0	4.6	0	0	0	0	0
5549	0	0	0	6.1	0	0	0	6.1	0	0	0	0	0	0	0	0	0	0	0	0	0
9106	0	0	0	0	0	0	0	3.6	0	0	0	0	0	0	0	3.6	0	0	0	0	0
5758	8	0	0	0	0	0	0	0	0	0	0	0	0	0	0	0	0	0	0	0	0
19	0	0	0	0	0	0	0	6	0	0	0	0	0	0	0	0	0	0	0	0	0
43	7	0	0	0	0	7	0	7	0	0	0	0	0	0	0	0	0	0	0	0	0
12671	0	0	0	0	0	0	0	2.5	0	0	0	0	0	0	0	2.5	0	0	2.5	0	0
1064	5.3	5.3	0	0	0	0	0	0	0	0	0	0	0	0	0	0	0	0	0	0	0
13972	0	0	0	8.2	0	0	0	8.2	0	0	0	0	0	0	0	0	0	0	0	0	0
4817	4.3	4.3	0	0	4.3	0	0	0	0	0	0	0	0	0	0	0	0	0	0	0	0
4572	3.3	0	0	0	3.3	0	0	0	0	3.3	0	0	0	0	0	0	0	0	0	0	0
2391	0	0	0	0	0	0	0	6.9	0	0	0	0	0	0	0	6.9	0	0	0	0	0
676	4.1	0	0	0	4.1	0	0	0	0	0	0	0	0	0	0	0	0	0	0	0	0
3269	0	0	0	0	6	0	0	6	0	0	0	0	0	0	0	0	0	0	0	6	0
2322	7.5	0	0	0	0	7.5	0	7.5	0	0	0	0	0	0	0	0	0	0	0	0	0
1902	0	0	0	8.9	0	0	0	8.9	0	0	0	0	0	0	0	0	0	0	0	0	0
1891	0	0	0	0	0	6	0	6	0	0	0	0	0	0	0	0	0	0	0	0	0
5524	0	0	0	0	0	0	0	8	0	0	0	0	0	0	8	0	0	0	0	8	0
333	0	0	0	0	0	0	0	8.4	0	0	0	0	0	0	0	8.4	0	0	0	0	0
590	6.8	0	0	0	0	6.8	0	0	0	0	0	0	0	0	0	0	0	0	0	6.8	0
15499	0	0	0	0	0	7.9	0	7.9	0	0	0	0	0	0	7.9	0	0	0	0	0	0
1841	0	0	0	0	0	8.4	0	8.4	0	0	0	0	0	0	0	0	0	0	0	0	0
215	0	0	0	0	4.8	0	0	0	0	0	0	0	0	0	0	0	0	0	0	0	0
153	0	0	0	0	0	0	0	0	0	0	0	3.7	0	0	0	0	0	0	0	3.7	0
35112	8.4	0	0	0	0	0	0	8.4	0	0	0	0	0	0	0	0	0	0	0	0	8.4
683	0	0	0	0	4.1	0	0	4.1	0	0	0	0	0	0	0	4.1	0	0	0	0	0
235	0	0	0	0	0	0	0	0	0	0	0	2.8	0	0	0	0	0	0	0	2.8	0
1449	4.4	0	0	0	0	0	0	0	0	0	0	0	0	0	0	0	0	0	0	4.4	0
5466	0	0	0	0	6.8	0	0	6.8	0	0	0	0	0	0	0	6.8	0	0	0	0	0
5387	0	0	0	0	6.6	0	0	0	0	0	0	0	0	0	0	6.6	0	0	0	0	0
272	6	0	0	0	0	0	0	6	0	0	0	0	0	0	0	0	0	0	0	0	0
767	4.2	0	0	0	4.2	0	0	4.2	0	0	0	0	0	0	0	0	0	0	0	0	0
5556	7.3	0	0	0	0	0	0	7.3	0	0	0	0	0	0	0	0	0	0	0	7.3	0
895	9.4	0	0	0	0	0	0	9.4	0	0	0	0	0	0	0	0	0	0	0	0	0
1659	0	0	0	0	0	0	0	6.6	6.6	0	0	0	0	0	0	6.6	0	0	0	0	0
596	0	0	0	0	6.3	0	0	6.3	0	0	0	0	0	0	0	0	0	0	0	0	0
20535	0	0	0	0	0	0	0	7.2	0	0	0	0	0	0	0	7.2	0	0	0	0	0
1335	0	0	0	0	0	0	0	6.8	0	0	0	0	0	0	0	6.8	0	0	0	0	0
51	0	0	0	0	0	0	0	7.1	0	0	0	0	0	0	0	0	0	0	0	7.1	0
34	4.6	0	0	0	0	0	0	4.6	0	0	0	0	0	0	0	0	0	0	0	0	0
158	0	0	0	0	0	0	0	0	0	0	0	0	0	0	0	0	0	0	0	5.1	0
4077	0	0	0	0	7.5	0	0	0	0	0	0	0	0	0	0	7.5	0	0	0	0	0
7165	0	0	0	0	0	0	0	6.5	0	0	6.5	0	0	0	0	0	0	0	0	0	0
183	0	0	0	0	0	0	0	5.6	0	0	0	0	0	0	0	0	0	0	0	0	0
1379	0	0	0	0	0	0	0	0	0	0	0	8.7	0	0	0	0	0	0	0	8.7	0
1369	0	0	0	0	8.2	0	0	0	0	0	0	0	0	0	0	0	0	0	0	0	0
73	0	0	0	0	0	0	0	0	0	0	0	0	0	0	0	0	0	0	0	0	4.1
124	0	0	0	0	0	0	0	0	0	0	0	0	0	0	0	0	0	0	5.3	0	0
4484	0	0	0	3.3	0	0	0	3.3	0	0	0	0	0	0	0	0	0	0	0	0	0
11	0	0	0	0	0	0	0	0	0	0	0	0	0	0	0	0	0	0	0	6.7	0
316	0	0	0	0	3.2	0	0	3.2	0	0	0	0	0	0	0	3.2	0	0	0	0	0
465	4.1	0	0	0	4.1	0	0	4.1	0	0	0	0	0	0	0	0	0	0	0	0	0
253	3.8	0	0	0	0	0	0	0	0	0	0	0	0	0	0	0	0	0	0	3.8	0
139	0	0	0	0	4.2	0	0	0	0	0	0	0	0	0	0	4.2	0	0	0	0	0
1048	0	0	0	0	0	0	0	7.4	0	0	0	0	0	0	0	0	0	0	0	0	0
215	0	0	0	0	0	0	0	0	0	0	0	0	0	0	0	0	0	0	0	5.5	0
288	0	0	0	0	0	0	0	7.1	0	0	0	0	0	0	0	0	0	0	0	0	0
205	0	0	0	0	0	0	0	5.1	0	0	0	0	0	0	0	0	0	0	0	5.1	0
1203	0	0	0	0	0	3.3	0	3.3	0	0	0	0	0	0	0	0	0	0	0	3.3	0
5754	0	0	0	0	0	0	0	0	0	0	0	0	0	0	0	6.9	0	0	0	0	0
24550	0	0	0	0	0	0	0	7	0	0	7	0	0	0	0	7	0	0	0	0	0
15980	4	4	0	0	0	0	0	0	0	0	0	0	0	0	0	0	0	0	0	0	0
280	0	0	0	0	0	0	0	7.3	0	0	0	0	0	0	0	0	0	0	0	0	0
289	0	0	0	0	4	0	0	0	0	0	0	0	0	0	0	4	0	0	0	0	0
1595	0	0	0	0	0	0	0	7.2	0	0	0	0	0	0	0	0	0	0	0	0	0
1978	0	0	0	0	6.2	0	0	0	0	0	0	0	0	0	0	0	0	0	0	6.2	0
4928	7.6	0	0	0	0	0	0	7.6	0	0	0	0	0	0	0	0	0	0	0	0	0
55	0	0	0	0	5.1	0	0	0	5.1	0	0	0	0	0	0	0	0	0	0	0	0
10081	0	0	0	0	0	0	0	7.3	0	0	7.3	0	0	0	0	0	0	0	7.3	0	0
959	0	0	0	0	0	0	0	0	0	0	0	0	0	0	5.6	0	0	0	0	5.6	0
42718	0	0	0	7.8	0	0	0	7.8	0	0	0	0	0	0	0	0	0	0	0	0	0
3859	0	0	0	0	0	6.6	0	6.6	0	0	0	0	0	0	0	0	0	0	0	6.6	0
21456	0	0	0	0	5.5	0	0	5.5	0	0	0	0	0	0	0	5.5	0	0	0	0	0
8129	0	0	0	0	7.5	0	0	7.5	0	0	0	0	0	0	0	0	0	0	0	0	0
1369	0	0	0	0	5.7	0	0	5.7	5.7	0	0	0	0	0	0	0	0	0	0	0	0
3538	5.2	0	0	0	0	0	0	0	0	0	0	0	0	0	0	0	0	0	0	5.2	0
18292	7.7	0	0	0	0	0	0	7.7	0	0	7.7	0	0	0	0	0	0	0	0	0	0
7657	5	0	0	0	0	0	0	0	0	0	0	0	0	0	0	0	0	0	0	5	0
2947	0	0	0	7.4	0	0	0	7.4	0	0	0	0	0	0	0	0	0	0	0	0	0
20289	7.8	0	0	0	0	0	0	7.8	0	0	0	0	0	0	0	0	0	0	0	7.8	0
5850	0	0	0	0	6.8	0	0	6.8	0	0	0	0	0	0	0	0	0	0	0	0	0
729	5.2	0	0	0	0	0	0	5.2	0	0	5.2	0	0	0	0	0	0	0	0	0	0
15829	6.3	0	0	0	6.3	0	0	6.3	0	0	0	0	0	0	0	0	0	0	0	0	0
182	0	0	0	0	5.6	0	0	0	0	0	0	0	0	0	0	0	0	0	0	0	0
380	0	0	0	0	2.8	0	0	0	0	0	0	0	0	0	0	2.8	0	0	0	0	0
201	0	0	0	0	0	0	0	0	0	0	0	0	0	0	0	0	0	0	0	5.6	0
13159	7.4	0	0	0	0	7.4	0	7.4	0	0	0	0	0	0	0	0	0	0	0	0	0
1642	0	0	0	0	0	0	0	5.7	0	0	0	0	0	0	5.7	0	0	0	0	5.7	0
853	0	0	0	0	6.2	0	0	6.2	0	0	0	6.2	0	0	0	0	0	0	0	0	0
30038	2	0	0	0	0	0	0	0	0	0	0	0	0	0	0	0	0	0	0	2	0
658	0	0	0	0	5.4	0	0	0	0	0	0	0	0	0	0	0	0	0	0	0	0
560	0	0	0	0	0	0	0	7.7	0	0	0	0	0	0	0	0	0	0	0	0	0
17378	0	0	0	0	7.1	0	0	0	0	0	0	0	0	0	0	7.1	0	0	0	0	0
2237	0	0	0	0	1.7	0	0	1.7	0	0	0	0	0	0	0	1.7	0	0	0	0	0
887	4.8	0	0	0	4.8	0	0	0	0	0	0	0	0	0	0	0	0	0	0	0	0
578	0	0	0	0	0	0	0	0	0	0	0	0	0	0	0	7.5	0	0	0	0	0
12123	0	0	0	0	0	0	0	6.7	0	0	0	0	0	0	0	0	0	0	0	0	0
8363	0	0	0	0	4.5	0	0	4.5	0	0	0	0	0	0	0	4.5	0	0	0	0	0
631	4.3	0	0	0	0	4.3	0	4.3	0	0	0	0	0	0	0	0	0	0	0	0	0
11125	0	0	0	0	0	0	0	7.5	0	0	0	0	0	0	0	7.5	0	0	0	0	0
25	0	0	0	0	0	0	0	4.4	0	0	0	0	0	0	0	0	0	0	0	0	0
4169	0	0	0	0	0	0	0	6.1	0	0	0	0	0	0	0	0	0	0	0	0	0
803	4.6	0	0	0	0	0	0	0	0	0	0	0	0	0	0	0	0	0	0	4.6	0
108	0	0	0	0	0	0	0	3.8	0	0	0	0	0	0	3.8	0	0	0	0	3.8	0
21851	0	0	0	0	8	0	0	8	0	0	0	0	0	0	0	0	0	0	0	0	0
6248	0	0	0	0	7.2	0	0	0	0	0	0	0	0	0	0	7.2	0	0	0	0	0
974	0	0	0	0	4.5	0	0	0	0	0	0	0	0	0	0	0	0	0	0	0	0
774	0	0	0	0	0	0	0	0	0	0	0	6.2	0	0	0	0	0	0	0	6.2	0
9436	0	0	0	0	7.5	0	0	7.5	0	0	0	0	0	0	0	0	0	0	0	0	0
1633	0	0	0	0	0	0	0	7.7	0	0	0	0	0	0	0	7.7	0	0	0	0	0
3969	7.4	0	0	0	7.4	0	0	0	0	0	0	0	0	0	0	0	0	0	0	0	0
748	0	0	0	0	4.7	0	0	0	0	0	0	0	0	0	0	4.7	0	0	0	0	0
51615	0	0	0	0	0	8.4	0	0	0	0	0	0	0	0	0	0	0	0	0	8.4	0
22671	0	0	0	0	7.7	0	0	0	0	0	0	7.7	0	0	0	0	0	0	0	0	0
271	0	0	0	0	0	0	0	7.2	7.2	0	0	0	0	0	0	0	0	0	0	0	0
252	0	0	0	0	5.2	0	0	0	0	0	0	0	0	0	0	0	0	0	0	0	0
5446	5.6	0	0	0	0	0	0	0	0	0	0	0	0	0	0	0	0	0	0	5.6	0
344	0	0	0	0	0	0	0	6.8	0	0	0	0	0	0	0	0	0	0	0	0	0
718	0	0	0	0	0	0	0	7.7	0	0	0	0	0	0	0	0	0	0	0	0	0
16535	0	0	0	0	0	0	0	8.2	0	8.2	0	8.2	0	0	0	0	0	0	0	0	0
289	0	0	0	0	6.4	0	0	6.4	6.4	0	0	0	0	0	0	0	0	0	0	0	0
207	0	0	0	0	3.7	3.7	0	3.7	0	0	0	0	0	0	0	0	0	0	0	0	0
2931	7.2	0	0	0	7.2	0	0	7.2	0	0	0	0	0	0	0	0	0	0	0	0	0
1598	0	0	0	0	0	0	0	6.3	0	0	0	0	0	0	0	0	0	0	0	0	0
796	0	0	0	0	0	0	0	5.5	0	0	0	0	0	0	0	0	0	0	0	0	0
1582	0	0	0	0	0	0	0	6.7	0	0	0	0	0	0	0	0	0	0	0	6.7	0
1820	0	0	0	0	6.9	0	0	0	0	0	0	0	0	0	0	0	0	0	0	0	0
50	0	0	0	0	0	0	0	6.3	0	0	0	0	0	0	0	0	0	0	0	0	0
7330	4.9	0	0	0	4.9	0	0	0	0	4.9	0	0	0	0	0	0	0	0	0	0	0
314	0	0	0	0	0	0	0	7.1	0	0	0	0	0	0	0	0	0	0	0	7.1	0
276	0	0	0	0	3.9	0	0	0	0	0	0	0	0	0	0	0	0	0	0	0	0
1611	0	0	0	0	0	0	0	6.9	6.9	0	0	0	0	0	0	0	0	0	0	0	0
140	0	0	0	0	0	0	0	4.6	0	0	0	0	0	0	0	0	0	0	0	0	0
37609	6.8	0	0	0	0	6.8	0	6.8	0	0	0	0	0	0	0	0	0	0	0	0	0
2164	5.9	0	0	0	5.9	0	0	0	0	0	0	0	0	0	0	0	0	0	0	5.9	0
8162	6.4	6.4	0	0	6.4	0	0	0	0	0	0	0	0	0	0	0	0	0	0	0	0
196	0	0	0	0	0	0	0	4.4	0	0	0	0	0	0	0	4.4	0	0	0	0	0
45	0	0	0	0	0	0	0	8.3	0	0	0	0	0	0	0	0	0	0	0	0	0
64	0	0	0	0	0	5.9	0	0	0	0	0	0	0	0	5.9	0	0	0	0	5.9	0
291	0	0	0	0	0	0	0	0	0	0	0	3.9	0	0	3.9	0	0	0	0	0	0
7239	0	0	0	0	0	0	8.6	0	0	0	0	0	0	0	0	0	0	0	8.6	0	0
3393	5.7	0	0	0	0	0	0	5.7	0	0	5.7	0	0	0	0	0	0	0	0	0	0
28	0	0	0	8.2	0	0	0	8.2	0	0	8.2	0	0	0	0	0	0	0	0	0	0
5993	0	0	0	6.7	0	0	0	6.7	0	0	6.7	0	0	0	0	0	0	0	0	0	0
165	0	0	0	0	0	0	0	5.2	5.2	0	0	0	0	0	0	0	0	0	0	0	0
7418	3.8	0	0	0	3.8	0	0	0	0	0	0	0	0	0	0	0	0	0	0	0	0
22695	7.1	0	0	0	0	0	0	7.1	0	0	0	0	0	0	0	0	0	0	0	7.1	0
13	0	0	0	0	0	0	0	6.5	0	0	0	0	0	0	0	0	0	0	0	0	0
3266	0	0	0	0	5.8	0	0	5.8	0	0	0	0	0	0	0	5.8	0	0	0	0	0
5577	0	0	0	0	0	0	0	4.3	0	0	0	0	0	0	0	4.3	0	0	0	0	0
3179	0	0	0	0	6.1	0	0	6.1	0	6.1	0	0	0	0	0	0	0	0	0	0	0
169	5.7	5.7	0	0	0	0	0	5.7	0	0	0	0	0	0	0	0	0	0	0	0	0
2667	4.1	4.1	0	0	0	0	0	4.1	0	0	0	0	0	0	0	0	0	0	0	0	0
321	0	0	0	0	0	0	0	0	0	0	0	0	0	0	0	0	0	0	0	4.5	0
212	0	0	0	0	3.5	0	0	3.5	0	0	0	0	0	0	0	3.5	0	0	0	0	0
4400	6.3	0	0	0	6.3	0	0	0	0	0	0	0	0	0	0	0	0	0	0	0	0
257	0	0	0	0	0	0	0	5.7	0	0	0	0	5.7	0	0	0	0	0	0	0	0
7355	0	0	0	0	0	7.3	0	7.3	0	0	0	0	0	0	0	0	0	0	0	7.3	0
2294	6.2	0	0	0	0	0	0	6.2	0	0	0	0	6.2	0	0	0	0	0	0	0	0
1688	4.9	0	0	0	0	4.9	0	4.9	0	0	0	0	0	0	0	0	0	0	0	0	0
250	0	0	0	0	0	0	0	2.5	0	0	0	0	0	0	0	2.5	0	0	0	0	0
1781	0	0	0	0	5.7	0	0	5.7	5.7	0	0	0	0	0	0	0	0	0	0	0	0
82	0	0	0	0	0	0	0	5.6	0	0	0	0	0	0	0	0	0	0	0	0	0
3350	0	0	0	0	0	0	0	5.1	0	0	0	0	0	0	0	5.1	0	0	0	0	0
18315	0	0	0	0	7.8	0	0	7.8	0	0	0	0	0	0	0	0	0	0	0	0	0
1287	0	0	0	0	4	0	0	4	0	0	0	0	0	0	0	0	0	0	0	0	0
363	0	0	0	0	0	3.7	0	3.7	0	0	0	0	0	0	3.7	0	0	0	0	0	0
2347	5.5	0	0	0	0	0	0	5.5	0	0	5.5	0	0	0	0	0	0	0	0	0	0
15738	0	0	0	0	7.2	0	0	7.2	0	0	0	0	0	0	0	0	0	0	0	0	0
636	2.7	0	0	0	0	0	0	0	0	0	0	0	0	0	2.7	2.7	0	0	0	0	0
12911	0	0	0	0	0	0	0	4	0	0	0	0	0	0	0	0	0	0	0	0	4
304	2.9	0	0	0	0	0	0	0	0	0	0	0	0	0	0	0	0	0	0	0	0
19760	6	6	0	0	0	0	0	0	0	0	0	0	0	0	0	0	0	0	0	6	0
17317	0	0	0	0	5.3	0	0	5.3	0	0	0	0	0	0	0	5.3	0	0	0	0	0
276	0	0	0	0	0	0	0	5.2	0	0	0	0	0	0	0	5.2	0	0	0	0	0
1132	0	0	0	0	0	0	0	6.5	0	0	0	0	0	0	0	0	0	0	0	0	0
341	8.3	0	0	0	0	0	0	8.3	0	0	8.3	0	0	0	0	0	0	0	0	0	0
17698	0	0	0	0	0	0	0	7.9	0	0	0	0	7.9	0	0	0	0	0	0	0	0
2396	3.4	0	0	0	0	0	0	3.4	0	0	0	0	3.4	0	0	0	0	0	0	0	0
565	0	0	0	0	0	0	0	8	0	0	0	0	0	0	0	0	0	0	0	0	0
4791	6.3	0	0	0	0	0	0	0	0	0	0	0	0	0	0	0	0	0	0	6.3	0
1279	0	0	0	0	5.4	0	0	0	0	0	0	0	0	0	0	0	0	0	0	0	0
1519	5.3	0	0	0	0	0	0	5.3	0	0	0	0	0	0	0	0	0	0	0	0	0
3109	0	0	0	0	5.6	0	0	0	0	0	0	0	0	0	0	5.6	0	0	0	0	0
8868	0	0	0	0	6.2	0	0	6.2	0	0	0	0	0	0	0	6.2	0	0	0	0	0
2268	0	0	0	0	6.7	0	0	0	0	0	0	0	0	0	0	6.7	0	0	0	0	0
10332	7.6	0	0	0	0	0	0	0	0	0	0	0	0	0	0	0	0	0	0	7.6	7.6
563	0	0	0	0	4.5	0	0	0	0	0	0	0	0	0	0	0	0	0	0	0	0
87	0	0	0	0	0	0	0	5	0	0	0	0	0	0	0	0	0	0	0	0	0
1272	0	0	0	0	5.5	0	0	0	0	0	0	0	0	0	0	0	0	0	0	0	0
1503	0	0	0	0	0	0	0	7.6	0	0	0	0	0	0	0	0	0	0	0	0	0
2681	0	0	0	0	0	5.3	0	5.3	0	0	0	0	0	0	0	0	0	0	0	5.3	0
3960	6.8	0	0	0	6.8	0	0	0	0	0	0	0	0	0	0	0	0	0	0	0	0
1024	0	0	0	0	0	0	0	6.2	0	0	0	0	0	0	6.2	0	0	0	0	6.2	0
602	0	0	0	0	0	0	0	7	0	0	0	0	0	0	0	0	0	0	0	0	0
13697	0	0	0	0	0	0	0	7.7	0	0	0	0	0	0	0	0	0	0	0	0	0
53	0	0	0	0	0	0	0	5.4	0	0	0	0	0	0	0	0	0	0	0	0	0
976	0	0	0	4.2	0	4.2	0	0	0	0	0	0	0	0	0	0	0	0	0	4.2	0
2533	0	0	0	0	7	7	0	7	0	0	0	0	0	0	0	0	0	0	0	0	0
1514	0	0	0	0	5.5	0	0	0	0	0	0	0	0	0	0	0	0	0	0	0	0
51	0	0	0	0	7.3	0	0	0	0	0	0	0	0	0	0	0	0	0	0	0	0
1287	0	0	0	0	0	0	0	6	0	0	6	0	0	0	0	0	0	0	0	6	0
3309	0	0	0	0	6	0	0	0	0	0	0	0	0	0	0	0	0	0	0	0	0
1508	6.9	0	0	0	0	6.9	0	0	0	0	0	0	0	0	0	0	0	0	0	6.9	0
4105	0	0	0	0	6.5	0	0	0	0	0	0	0	0	0	0	0	0	0	0	0	0
4027	0	0	0	0	7	0	0	7	0	0	0	0	0	0	0	0	0	0	0	0	0
1369	6.3	0	0	6.3	0	6.3	0	0	0	0	0	0	0	0	0	0	0	0	0	0	0
14907	0	0	0	0	7.5	0	0	0	0	0	0	0	0	0	0	7.5	0	0	0	0	0
6815	0	0	0	0	6.9	0	0	0	0	0	0	0	0	0	0	6.9	0	0	0	0	0
660	7	0	0	7	0	7	0	0	0	0	0	0	0	0	0	0	0	0	0	0	0
444	0	0	0	0	0	0	0	6.9	6.9	0	0	0	0	0	0	0	0	0	0	0	0
69	0	0	0	0	0	0	0	0	0	0	0	0	0	0	0	0	0	0	0	7.4	0
5434	8.1	0	0	0	0	0	0	8.1	0	0	0	0	0	0	0	0	0	0	8.1	0	0
40	0	0	0	0	0	0	0	0	0	0	0	6.2	0	0	0	0	0	0	0	0	0
383	0	0	0	0	0	0	0	6.4	0	0	0	0	0	0	6.4	0	0	0	0	0	0
4707	0	0	0	0	7	0	0	0	0	0	0	0	0	0	0	7	0	0	0	0	0
10334	0	0	0	0	0	0	0	7.6	7.6	0	0	0	0	0	0	7.6	0	0	0	0	0
1655	0	0	0	0	0	0	0	0	0	0	0	6.8	0	0	0	0	0	0	0	0	0
913	0	0	0	0	4.5	0	0	4.5	0	0	0	0	0	0	0	0	0	0	0	0	0
45	0	0	0	0	0	0	0	8	0	0	0	0	0	0	0	0	0	0	0	0	0
77	0	0	0	0	0	0	0	0	0	0	0	0	0	0	0	7	0	0	0	0	0
28	0	0	0	0	0	0	0	0	0	0	0	0	0	0	0	3.9	0	0	0	0	0
1867	0	0	0	0	0	6.8	0	0	0	0	0	0	0	0	0	0	0	0	0	6.8	0
186	5.7	0	0	0	0	0	0	0	0	0	0	0	0	0	0	0	0	0	0	5.7	0
1768	0	0	0	0	0	0	0	5	0	0	0	0	5	0	0	0	0	0	0	0	0
193	0	0	0	0	2.9	2.9	0	2.9	0	0	0	0	0	0	0	0	0	0	0	0	0
2317	0	6.7	0	0	0	0	0	6.7	0	0	0	0	0	0	0	0	0	0	0	6.7	0
6582	6.8	0	0	0	0	0	0	0	0	0	0	0	0	0	0	0	0	0	0	6.8	0
126	0	0	0	0	0	0	0	6.2	0	0	0	0	0	0	0	0	0	0	0	0	0
39877	7.1	0	0	0	0	0	0	7.1	0	0	0	0	0	0	0	0	0	0	0	7.1	0
163	0	0	0	0	0	0	0	0	0	0	0	0	0	0	0	0	0	0	0	5.6	0
5976	5.1	5.1	0	0	5.1	0	0	0	0	0	0	0	0	0	0	0	0	0	0	0	0
2343	0	0	0	0	2.3	0	0	0	0	0	0	0	0	0	0	0	0	0	0	0	0
9161	6.2	0	0	0	0	0	0	6.2	0	0	0	0	0	0	0	0	0	0	0	6.2	0
610	0	0	0	0	0	0	0	4.2	0	0	0	0	0	0	0	4.2	0	0	0	0	0
9764	5.7	5.7	0	0	0	0	0	5.7	0	0	0	0	0	0	0	0	0	0	0	0	0
132	0	0	0	0	5.5	0	0	5.5	0	0	0	0	0	0	0	0	0	0	0	0	0
572	0	0	0	0	0	4.7	0	0	0	0	0	0	0	0	4.7	0	0	0	0	0	0
29352	0	0	0	7.7	0	0	0	7.7	0	0	0	0	0	0	0	0	0	0	7.7	0	0
2622	0	0	0	0	0	0	0	3.1	0	0	0	0	0	0	0	3.1	0	0	0	0	0
62	4	0	0	0	4	0	0	0	0	0	0	0	0	0	0	4	0	0	0	0	0
146	0	0	0	0	0	0	0	7.3	0	0	0	0	0	0	0	0	0	0	0	0	0
357	0	0	0	0	0	5.7	0	0	0	0	0	0	0	0	0	0	0	0	0	5.7	0
49498	0	0	0	0	0	0	0	8	0	0	8	0	0	0	0	0	0	0	0	0	0
3991	0	0	0	0	0	0	0	5.4	0	0	0	0	0	0	0	5.4	0	0	0	0	0
23995	7.8	0	0	0	0	7.8	0	7.8	0	0	0	0	0	0	0	0	0	0	0	0	0
40	0	6.1	0	0	0	0	0	6.1	0	0	0	0	0	0	6.1	0	0	0	0	0	0
18998	0	0	0	0	0	0	0	5.8	0	0	0	0	5.8	5.8	0	0	0	0	0	0	0
83	0	0	0	0	0	0	0	4.4	0	0	0	0	0	0	0	4.4	0	0	0	0	0
564	0	0	0	0	0	0	0	6.5	0	0	0	0	0	0	0	0	0	0	0	0	0
270	5	0	0	0	0	0	0	0	0	0	0	0	0	0	0	0	0	0	0	5	0
230	0	0	0	6.8	0	0	0	6.8	0	0	0	0	0	0	0	0	0	0	0	0	0
2020	0	0	0	0	3.7	0	0	3.7	0	3.7	0	0	0	0	0	0	0	0	0	0	0
4707	6.4	0	0	0	0	0	0	6.4	0	0	0	0	0	0	0	0	0	0	0	0	0
4853	0	0	0	0	5.8	0	0	0	0	0	0	0	0	0	0	5.8	0	0	0	0	0
5583	0	0	0	0	0	0	0	6.8	0	0	0	0	0	0	0	0	0	0	0	0	0
10451	0	0	0	0	0	0	0	7.2	0	0	0	0	0	0	7.2	0	0	0	0	7.2	0
34328	7	0	0	0	0	0	0	7	0	0	0	0	0	0	0	0	0	0	7	0	0
1201	6.4	0	0	0	0	0	0	6.4	0	0	0	0	0	0	0	6.4	0	0	0	0	0
6088	5.2	0	0	0	0	0	0	0	0	0	0	0	0	0	0	0	0	0	0	5.2	0
20586	0	0	0	0	7.7	0	0	7.7	0	0	0	0	0	0	0	7.7	0	0	0	0	0
4887	0	0	0	5.8	0	0	0	5.8	0	0	0	0	0	0	0	0	0	0	5.8	0	0
1581	4.6	4.6	0	0	0	0	0	4.6	0	0	0	0	0	0	0	0	0	0	0	0	0
2308	0	0	0	0	0	5.6	0	5.6	0	0	0	0	0	0	0	0	0	0	0	0	0
89	0	0	0	0	0	0	0	0	0	0	0	0	0	0	0	3.8	0	0	0	0	0
131338	8.4	0	0	8.4	0	0	0	8.4	0	0	0	0	0	0	0	0	0	0	0	0	0
6490	0	0	0	0	3.9	0	0	3.9	0	0	0	0	0	0	0	3.9	0	0	0	0	0
3778	0	0	0	7.2	0	0	0	7.2	0	0	0	0	0	0	0	0	0	0	0	0	0
91	0	0	0	0	5.8	0	0	0	0	0	0	0	0	0	0	5.8	0	0	0	0	0
4340	6.2	0	0	0	0	0	0	0	0	0	0	0	0	0	0	0	0	0	0	6.2	0
20764	0	0	0	0	0	7.1	0	7.1	0	0	0	0	0	0	0	0	0	0	0	7.1	0
5608	0	0	0	0	5.3	0	0	5.3	0	0	0	0	0	0	0	5.3	0	0	0	0	0
511	0	0	0	0	4.4	0	0	0	0	0	0	0	0	0	0	4.4	0	0	0	0	0
233	0	0	0	0	0	0	0	6	0	0	0	0	0	0	0	0	0	0	0	0	0
354	0	0	0	0	0	0	0	2.9	0	0	0	0	0	0	0	2.9	0	0	0	2.9	0
3165	3.2	3.2	0	0	3.2	0	0	0	0	0	0	0	0	0	0	0	0	0	0	0	0
1575	0	0	0	0	5.6	0	0	0	0	0	0	0	0	0	0	0	0	0	0	0	0
19046	0	0	0	7.7	0	0	0	7.7	0	0	0	0	0	0	0	0	0	0	0	7.7	0
3899	0	0	0	0	1.9	0	0	0	0	0	0	0	0	0	0	0	0	0	0	0	0
10507	7.6	0	0	0	0	0	0	7.6	0	0	0	0	0	0	0	0	0	0	7.6	0	0
771	0	0	0	0	4.3	0	0	0	0	0	0	0	0	0	0	0	0	0	0	0	0
344	0	0	0	0	0	5.7	0	5.7	0	0	0	0	0	0	0	0	0	0	0	5.7	0
6	0	0	0	0	5.8	0	0	5.8	0	0	0	0	0	0	0	0	0	0	0	0	0
4633	0	0	0	0	6.4	0	0	0	0	0	0	0	0	0	0	6.4	0	0	0	0	0
744	0	0	0	0	0	0	0	0	0	0	0	0	0	0	0	0	0	0	0	4.3	0
33902	0	0	0	0	0	0	0	8.2	0	0	0	0	0	0	0	0	0	0	0	8.2	0
3741	8	0	0	0	0	8	0	8	0	0	0	0	0	0	0	0	0	0	0	0	0
277	0	0	0	0	0	0	0	6.5	6.5	0	0	0	0	0	0	0	0	0	0	0	0
590	5.3	0	0	5.3	0	5.3	0	0	0	0	0	0	0	0	0	0	0	0	0	0	0
586	0	0	0	0	5.7	0	0	0	0	0	0	0	0	0	0	0	0	0	0	0	0
1000	0	0	0	0	0	0	0	4.3	0	0	0	0	0	0	4.3	4.3	0	0	0	0	0
1373	0	0	0	0	0	0	0	0	0	0	0	4.1	0	0	4.1	0	0	0	0	0	0
1543	0	0	0	0	0	0	0	0	0	0	0	4.5	0	0	4.5	4.5	0	0	0	0	0
11202	0	0	0	0	0	7.3	0	7.3	0	0	0	0	0	0	0	0	0	0	0	7.3	0
11411	0	7.5	0	0	0	0	0	7.5	0	0	0	0	0	0	0	0	0	0	0	7.5	0
1028	0	0	0	0	0	0	0	4.8	0	0	0	0	0	0	0	4.8	0	0	0	0	0
2402	0	0	0	0	0	0	0	6.9	0	0	0	0	0	0	6.9	0	0	0	0	6.9	0
176	0	0	0	0	0	0	0	5.7	0	0	0	0	0	0	0	0	0	0	0	0	0
17	0	0	0	0	6.4	0	0	0	0	0	0	0	0	0	0	0	0	0	0	0	0
923	5	0	0	0	0	0	0	5	0	0	0	0	5	0	0	0	0	0	0	0	0
12	5	0	0	0	0	0	0	0	0	0	0	0	0	0	0	0	0	0	0	5	0
16	0	0	0	0	0	0	0	7.1	0	0	0	0	0	0	0	7.1	0	0	0	0	0
221	0	0	0	0	7.4	0	0	0	0	0	0	0	0	0	0	0	0	0	0	0	0
72	0	0	0	0	0	0	0	6.1	0	0	0	0	0	0	0	0	0	0	0	0	0
101	0	0	0	0	0	0	0	0	0	0	0	3.2	0	0	0	3.2	0	0	0	0	0
2373	0	0	0	0	4.9	0	0	0	0	0	0	0	0	0	0	0	0	0	4.9	0	0
32790	0	0	0	0	0	0	0	7.6	0	0	0	0	0	0	0	7.6	0	0	0	0	0
1487	0	0	0	0	7.1	0	0	7.1	0	0	0	0	0	0	0	0	0	0	0	0	0
7323	0	6.9	0	0	0	0	0	0	0	6.9	0	0	0	0	0	0	6.9	0	0	0	0
658	0	0	0	0	5.4	0	0	0	0	0	0	5.4	0	0	0	0	0	0	0	0	0
135	4	0	0	0	0	0	0	4	0	0	0	0	0	0	0	4	0	0	0	0	0
38	0	0	0	4.9	0	0	0	0	0	0	0	0	0	0	0	0	0	0	0	0	0
8295	7.5	0	0	0	0	0	0	7.5	0	0	0	0	0	0	0	0	0	0	0	7.5	0
94	0	7.5	0	0	7.5	0	0	0	0	0	0	0	0	0	0	0	0	0	0	0	0
24338	0	0	0	0	7.7	0	0	7.7	0	0	0	0	0	0	0	7.7	0	0	0	0	0
24338	0	0	0	0	7.7	0	0	7.7	0	0	0	0	0	0	0	7.7	0	0	0	0	0
152	0	0	0	0	0	0	0	0	0	0	0	0	0	0	0	0	0	0	0	4.6	0
1194	5.8	0	0	0	0	5.8	0	0	0	0	0	0	0	0	0	0	0	0	0	5.8	0
3144	0	0	0	0	0	0	0	6.4	0	0	0	0	0	0	0	6.4	0	0	0	0	0
21430	7.1	0	0	0	0	0	0	0	0	0	0	0	0	0	0	0	0	0	0	0	0
21430	7.1	0	0	0	0	0	0	0	0	0	0	0	0	0	0	0	0	0	0	0	0
6	0	0	0	0	4.5	0	0	0	0	0	0	0	0	0	0	0	0	0	0	0	0
1034	0	0	0	0	6.6	0	0	6.6	0	0	0	0	0	0	0	0	0	0	0	0	0
499	0	0	0	0	3.6	0	0	0	0	0	0	0	0	0	0	3.6	0	0	0	0	0
163	0	0	0	0	3.8	0	0	3.8	0	0	0	0	0	0	0	0	0	0	0	0	0
24	0	0	0	5.4	0	0	0	5.4	0	0	5.4	0	0	0	0	0	0	0	0	0	0
109	0	0	0	0	3.9	0	0	0	0	0	0	0	0	0	0	0	0	0	0	0	0
6789	3.3	0	0	0	0	0	0	3.3	0	0	0	0	0	0	3.3	0	0	0	0	0	0
5116	5.7	0	0	0	0	5.7	0	5.7	0	0	0	0	0	0	0	0	0	0	0	0	0
4287	0	0	0	0	0	0	0	7.6	0	0	0	0	0	0	0	0	0	0	0	0	0
20610	0	0	0	0	7.2	0	0	7.2	0	0	0	0	0	0	0	7.2	0	0	0	0	0
5133	4.2	0	0	0	4.2	4.2	0	0	0	0	0	0	0	0	0	0	0	0	0	0	0
67	0	0	0	0	3.9	0	0	3.9	0	0	0	0	0	0	0	0	0	0	0	0	0
3950	0	0	0	0	0	0	0	0	0	0	0	0	0	0	7.6	0	0	0	0	7.6	0
2487	0	0	0	0	7	0	0	7	0	0	0	0	0	0	0	0	0	0	0	0	0
2756	4.1	0	0	0	0	0	0	4.1	0	0	0	0	0	0	0	4.1	0	0	0	0	0
992	0	0	0	0	4.6	0	0	4.6	0	0	0	0	0	0	0	0	0	0	0	0	0
14674	7.6	0	0	0	0	0	0	0	0	0	0	0	0	0	7.6	0	0	0	0	7.6	0
16622	0	8	0	8	0	0	0	8	0	0	0	0	0	0	0	0	0	0	0	0	0
7913	5.8	0	0	0	0	0	0	5.8	0	0	0	0	0	0	0	0	0	0	0	5.8	0
417	0	0	0	0	6.2	0	0	6.2	6.2	0	0	0	0	0	0	0	0	0	0	0	0
4788	0	0	0	0	0	0	0	6.7	0	0	0	0	0	0	0	6.7	0	0	0	0	0
15706	0	0	0	0	7.5	0	0	7.5	0	0	0	0	0	0	0	7.5	0	0	0	0	0
1399	0	3.8	0	0	3.8	0	0	3.8	0	0	0	0	0	0	0	0	0	0	0	0	0
16087	4.6	0	0	0	0	0	0	4.6	0	0	0	0	0	4.6	0	0	0	0	0	0	0
851	5.1	0	0	0	0	0	0	0	0	5.1	0	0	0	0	0	0	0	0	0	5.1	0
98	0	0	0	0	0	0	0	6.5	0	0	0	0	0	0	0	0	0	0	0	0	0
20021	7.4	0	0	0	0	7.4	0	7.4	0	0	0	0	0	0	0	0	0	0	0	0	0
4750	0	0	0	5.5	0	0	0	5.5	0	0	0	0	5.5	0	0	0	0	0	0	0	0
171	0	0	0	0	0	0	0	0	0	0	0	0	0	0	0	0	0	0	0	7.2	0
6976	5.1	0	0	0	5.1	0	0	0	0	0	0	0	0	0	0	0	0	0	0	0	0
29141	7.2	0	0	0	0	0	0	7.2	0	0	7.2	0	0	0	0	0	0	0	0	0	0
11378	7.2	0	0	0	0	7.2	0	7.2	0	0	0	0	0	0	0	0	0	0	0	0	0
25692	0	0	0	0	7.6	0	0	7.6	0	0	0	0	0	0	0	0	0	0	0	0	0
22	0	0	0	0	7.3	0	0	0	0	0	0	0	0	0	0	0	0	0	0	0	0
10873	6.5	0	0	0	0	0	0	6.5	0	0	0	0	0	0	0	0	0	0	6.5	0	0
6555	0	0	0	0	0	0	0	6.8	0	0	0	0	0	0	0	0	0	0	0	0	0
49426	8	0	0	0	0	0	0	0	0	0	0	0	0	0	0	0	0	0	0	8	0
1554	3.7	0	0	0	0	3.7	0	0	0	0	0	0	0	0	0	0	3.7	0	0	0	0
65877	8	0	0	0	8	0	0	8	0	0	0	0	0	0	0	0	0	0	0	0	0
1074	0	0	0	0	0	0	0	4	0	0	0	4	0	0	0	4	0	0	0	0	0
141	0	0	0	0	3.8	0	0	0	0	0	0	0	0	0	0	0	0	0	0	0	0
4352	0	0	0	0	3.6	0	0	3.6	0	0	0	0	0	0	0	3.6	0	0	0	0	0
1013	4.3	0	0	0	4.3	0	0	0	0	0	0	0	0	0	0	0	0	0	0	0	4.3
1488	6.3	0	0	6.3	0	6.3	0	0	0	0	0	0	0	0	0	0	0	0	0	0	0
3114	0	0	0	0	0	0	0	8	0	0	0	0	0	0	0	0	0	0	0	0	0
39	0	0	0	0	5.3	0	0	0	0	0	0	0	0	0	0	0	0	0	0	0	0
11096	6	0	0	0	6	0	0	6	0	0	0	0	0	0	0	0	0	0	0	0	0
13084	0	0	0	0	6.8	0	0	6.8	0	0	0	0	0	0	0	6.8	0	0	0	0	0
527	0	0	0	0	7.2	7.2	0	0	0	0	0	0	0	0	0	0	0	0	0	0	0
1465	0	0	0	0	0	0	0	0	0	0	0	3.7	0	0	0	0	0	0	0	0	0
707	0	0	0	0	2.5	0	0	2.5	0	0	0	0	0	0	0	0	0	0	0	0	0
5251	0	0	0	0	5.7	0	0	0	0	0	0	0	0	0	0	0	0	0	0	0	0
57	0	6.6	0	0	0	0	0	6.6	6.6	0	0	0	0	0	0	0	0	0	0	0	0
3021	5.8	0	0	0	0	5.8	0	5.8	0	0	0	0	0	0	0	0	0	0	0	0	0
2543	0	0	0	0	4.6	0	0	0	0	0	0	0	0	0	0	4.6	0	0	0	0	0
5196	0	0	0	0	7	0	0	0	0	0	0	0	0	0	0	7	0	0	0	0	0
7	0	0	0	0	0	0	0	2.3	0	0	0	0	0	0	0	2.3	0	0	0	0	0
1501	0	0	0	5.5	0	0	0	5.5	0	0	0	0	0	0	0	0	0	0	0	0	0
1822	0	0	0	0	6.2	0	0	0	0	0	0	0	0	0	0	0	0	0	0	0	0
18	0	0	0	0	0	0	0	2.7	0	0	0	0	0	0	0	0	0	0	0	0	0
250	0	0	0	0	5.1	0	0	5.1	0	0	0	0	0	0	5.1	0	0	0	0	0	0
12	0	0	0	0	0	0	0	7.8	0	0	0	0	0	0	0	0	0	0	0	0	0
205	5.9	0	0	0	0	0	0	5.9	0	0	5.9	0	0	0	0	0	0	0	0	0	0
13059	0	0	0	0	7.3	0	0	7.3	0	0	0	0	0	0	0	7.3	0	0	0	0	0
58340	0	0	0	0	0	8.2	0	8.2	0	0	0	0	0	0	8.2	0	0	0	0	0	0
2041	3.6	0	0	0	0	0	0	3.6	0	0	0	0	0	3.6	0	0	0	0	0	0	0
2543	0	0	0	0	4.9	0	0	4.9	0	0	0	0	0	0	0	4.9	0	0	0	0	0
1578	0	0	0	0	0	0	0	0	0	0	0	0	0	0	3.7	3.7	0	0	0	3.7	0
534	0	0	0	0	0	0	0	2.6	0	0	0	0	0	0	0	0	0	0	0	0	0
124	0	0	0	0	4.6	0	0	0	0	0	0	0	0	0	0	4.6	0	0	0	0	0
119	3.3	0	0	0	3.3	0	0	3.3	0	0	0	0	0	0	0	0	0	0	0	0	0
435	0	0	0	7.5	0	0	0	7.5	0	0	0	0	0	0	0	0	0	0	0	0	0
29502	5.2	0	0	0	5.2	0	0	0	0	0	0	0	0	0	0	5.2	0	0	0	0	0
130	0	0	0	0	4.9	0	0	4.9	0	0	0	0	0	0	0	0	0	0	0	0	0
283	0	0	0	0	0	0	0	5.1	0	0	0	0	0	0	0	5.1	0	0	0	0	0
17	4.9	0	0	0	0	0	0	0	0	0	0	0	0	0	4.9	0	0	0	0	4.9	0
77	0	0	0	0	0	0	0	0	5.3	0	0	0	0	0	0	5.3	0	0	0	0	0
49	0	0	0	0	0	0	0	0	0	0	0	0	6.7	0	0	6.7	0	0	0	0	0
19	0	0	0	0	0	0	0	6.9	0	0	0	0	0	0	0	0	0	0	0	0	0
133	0	0	0	0	0	0	0	0	0	0	0	0	0	0	0	4.9	0	0	0	0	0
19904	0	0	0	0	0	0	0	8.1	0	0	0	0	0	0	0	0	0	0	0	0	0
170	0	0	0	0	3.9	0	0	0	0	0	0	0	0	0	0	3.9	0	0	0	0	0
35	0	0	0	0	5.3	0	0	5.3	0	0	0	0	0	0	0	0	0	0	0	0	0
31	0	0	0	0	0	0	0	0	0	0	0	3	0	0	0	0	0	0	0	0	0
800	0	0	0	0	5.3	0	0	5.3	0	0	0	0	0	0	0	0	0	0	0	0	0
300	0	0	0	0	5.4	5.4	0	0	5.4	0	0	0	0	0	0	0	0	0	0	0	0
56	0	0	0	0	0	0	0	0	0	0	0	0	0	4.1	0	4.1	0	0	0	0	0
42	0	0	0	0	0	0	0	7	0	0	0	0	0	0	0	0	0	0	0	0	0
1492	0	0	0	0	0	0	0	7.2	0	0	0	0	0	0	0	0	0	0	0	0	0
18	0	0	0	0	0	0	0	7.4	0	0	0	0	0	0	0	0	0	0	0	0	0
541	0	0	0	0	4.7	0	0	0	0	0	0	0	0	0	0	0	0	0	0	0	0
52	0	0	0	0	4.1	0	0	0	0	0	0	0	0	0	0	4.1	0	0	0	0	0
2775	0	0	0	0	0	0	0	4.5	0	0	0	0	0	0	0	0	0	0	0	4.5	0
766	0	0	0	0	0	0	0	4.2	0	0	0	0	0	0	0	0	0	0	0	0	0
291	0	0	0	0	0	0	0	6.8	0	0	0	0	0	0	0	0	0	0	0	0	0
8389	0	0	0	0	6.8	0	0	6.8	0	6.8	0	0	0	0	0	0	0	0	0	0	0
26612	0	0	0	0	0	8.2	0	8.2	0	0	0	0	0	0	8.2	0	0	0	0	0	0
1369	0	0	0	0	6.9	0	0	6.9	0	0	0	0	0	0	0	0	0	0	0	0	0
5	5.4	0	0	0	0	0	0	0	0	0	0	0	0	0	0	0	0	0	0	0	0
28	0	0	0	0	5.1	0	0	0	0	0	0	0	0	0	0	0	0	0	0	0	0
4530	0	0	0	0	0	0	0	8.4	8.4	0	0	0	0	0	0	0	0	0	0	0	0
58	0	0	0	0	0	0	0	0	0	0	0	0	0	0	0	7	0	0	0	0	0
214	0	0	0	0	0	0	0	0	0	0	0	0	0	0	0	5.6	0	0	0	0	0
4873	0	0	0	7.8	0	0	0	7.8	0	0	0	0	0	0	0	0	0	0	0	0	0
118	3.7	0	0	0	0	0	0	0	0	0	0	0	0	0	0	0	0	0	0	0	0
498	0	0	0	0	0	0	0	5.5	0	0	0	0	0	0	5.5	5.5	0	0	0	0	0
2955	3.2	0	0	0	0	0	0	0	0	0	0	0	0	0	0	0	0	0	0	3.2	0
1860	0	0	0	0	0	0	0	7.2	0	0	0	0	0	0	0	0	0	0	0	0	0
15868	5.2	0	0	0	0	0	0	5.2	0	0	0	0	0	0	0	0	0	0	0	0	0
31	0	0	0	0	0	0	0	6.8	0	0	0	0	0	0	0	0	0	0	0	0	0
1761	0	0	0	0	0	0	0	7.4	0	0	7.4	0	0	0	0	0	0	0	0	0	7.4
89	0	0	0	0	0	7.5	0	7.5	0	0	0	0	0	0	0	0	0	0	0	7.5	0
136	0	0	0	0	0	0	0	0	0	0	0	2.7	0	0	0	0	0	0	0	0	0
323	0	0	0	0	5.2	0	0	0	0	0	0	0	0	0	0	5.2	0	0	0	0	0
39	0	0	0	0	0	6.5	0	0	0	0	0	0	0	0	0	0	0	0	0	0	0
6745	5.7	0	0	0	0	0	0	5.7	0	0	0	0	0	0	0	0	0	0	0	0	0
275	0	0	0	0	0	4.6	0	0	0	0	0	0	0	0	0	4.6	0	0	0	0	0
143605	0	0	0	0	8.1	0	0	8.1	0	8.1	0	0	0	0	0	0	0	0	0	0	0
22323	5.3	0	0	0	5.3	0	0	0	0	0	0	0	0	0	0	0	0	0	0	0	0
22060	0	0	0	0	6.9	0	0	6.9	0	0	0	0	0	0	0	6.9	0	0	0	0	0
3208	0	0	0	0	0	5.7	0	5.7	0	0	0	0	0	0	0	0	0	0	0	5.7	0
62	0	0	0	0	0	0	0	5.6	0	0	0	0	0	0	0	5.6	0	0	5.6	0	0
32113	5.1	0	0	0	5.1	0	0	0	0	0	0	0	5.1	0	0	0	0	0	0	0	0
23733	7.2	0	0	0	0	0	0	0	0	0	0	0	0	0	0	0	0	0	0	7.2	0
1973	6.1	0	0	0	0	0	0	6.1	0	0	0	0	0	0	0	0	0	0	0	0	0
56670	2.3	0	0	0	0	0	0	2.3	0	0	0	0	0	0	0	2.3	0	0	0	0	0
2521	0	0	0	0	0	0	0	0	0	0	0	3.8	0	0	0	0	0	0	0	0	0
66	0	0	0	0	5.3	0	0	0	0	0	0	0	0	0	0	0	0	0	0	0	0
351	0	0	0	0	4.7	0	0	4.7	4.7	0	0	0	0	0	0	0	0	0	0	0	0
6604	0	0	0	0	7.1	0	0	7.1	0	0	0	0	0	0	0	7.1	0	0	0	0	0
2419	0	0	0	0	7.2	0	0	0	0	0	0	0	0	0	0	7.2	0	0	0	0	0
169	0	0	0	0	0	0	0	2.7	0	0	0	2.7	0	0	2.7	0	0	0	0	0	0
2726	0	0	0	0	5	0	0	5	0	0	0	0	0	0	0	5	0	0	0	0	0
6907	5.2	0	0	0	5.2	0	0	0	0	0	0	0	0	0	0	5.2	0	0	0	0	0
113	0	0	0	0	0	0	0	4.7	0	0	0	0	0	0	0	0	0	0	0	0	0
800	0	0	0	0	5.5	0	0	5.5	0	0	0	0	0	0	0	0	0	0	0	0	0
450	3.6	0	0	0	3.6	0	0	0	0	0	0	0	0	0	3.6	0	0	0	0	0	0
20431	5.5	5.5	0	0	5.5	0	0	0	0	0	0	0	0	0	0	0	0	0	0	0	0
83	0	0	0	0	0	0	0	5.1	0	0	0	0	0	0	0	5.1	0	0	0	0	0
3045	0	0	0	0	0	0	0	7.2	0	0	0	0	0	0	0	0	0	0	0	0	0
688	0	0	0	0	4.1	0	0	4.1	0	0	0	0	0	0	0	4.1	0	0	0	0	0
590	0	5.7	0	0	5.7	0	0	5.7	0	0	0	0	0	0	0	0	0	0	0	0	0
1240	0	0	0	0	0	0	0	8	0	0	0	0	0	0	0	0	0	0	0	0	0
6885	4.5	0	0	0	4.5	0	0	0	0	0	0	0	0	0	0	0	0	0	0	0	0
24037	0	0	0	0	0	7.6	0	7.6	0	0	0	0	0	0	0	7.6	0	0	0	0	0
229	0	0	0	0	5.4	0	0	0	0	0	0	0	0	0	0	5.4	0	0	0	0	0
9307	6.8	0	0	6.8	0	0	0	6.8	0	0	0	0	0	0	0	0	0	0	0	0	0
3136	0	0	0	0	5.4	0	0	0	0	0	0	0	0	0	0	5.4	0	0	0	0	0
3677	7.6	0	0	0	0	0	0	7.6	0	0	0	0	0	0	0	0	0	0	0	7.6	0
24	0	0	0	0	0	0	0	6.4	0	0	0	0	0	0	0	0	0	0	0	6.4	0
7216	0	0	0	0	1.8	0	0	0	0	0	0	0	0	0	0	0	0	0	0	0	0
539	0	0	0	0	0	0	0	4.3	0	0	0	0	0	4.3	0	4.3	0	0	0	0	0
462	0	0	0	7.3	0	0	0	7.3	0	0	0	0	0	0	0	0	0	0	0	0	0
7438	5.3	0	0	0	0	0	0	0	0	0	0	0	0	0	0	5.3	0	0	0	0	0
5897	0	5.8	0	0	5.8	0	0	5.8	0	0	0	0	0	0	0	0	0	0	0	0	0
43	0	0	0	0	0	6.8	0	0	0	0	0	0	0	6.8	0	0	0	0	0	6.8	0
8	0	0	0	0	3.5	3.5	0	3.5	0	0	0	0	0	0	0	0	0	0	0	0	0
12622	0	0	0	0	6.8	0	0	0	0	0	0	0	0	0	0	6.8	0	0	0	0	0
14964	6.4	0	0	0	0	6.4	0	6.4	0	0	0	0	0	0	0	0	0	0	0	0	0
1483	4.6	0	0	0	4.6	4.6	0	0	0	0	0	0	0	0	0	0	0	0	0	0	0
3613	0	0	0	0	5.6	0	0	0	0	0	0	0	0	0	0	5.6	0	0	0	0	0
270	0	0	0	0	0	0	0	6.1	0	0	0	0	0	0	0	0	0	0	0	0	0
88	0	0	0	0	4.8	0	0	0	0	0	0	0	0	0	0	4.8	0	0	0	0	0
429	0	0	0	0	0	0	0	5.2	5.2	0	0	0	0	0	0	5.2	0	0	0	0	0
1922	0	0	0	0	5.5	0	0	5.5	0	0	0	0	0	0	0	0	0	0	0	5.5	0
848	0	0	0	0	0	0	0	6.7	0	0	6.7	0	0	0	0	0	0	0	0	0	6.7
3641	4.3	0	0	0	0	0	0	4.3	0	0	0	0	0	0	0	4.3	0	0	0	0	0
2891	0	0	0	0	0	0	0	2.7	0	0	0	0	0	0	0	2.7	0	0	0	0	0
46912	8.1	0	0	0	0	8.1	0	8.1	0	0	0	0	0	0	0	0	0	0	0	0	0
5103	0	0	0	0	6.1	0	0	6.1	0	0	0	0	0	0	0	6.1	0	0	0	0	0
76	0	0	0	0	6.8	0	0	6.8	0	0	0	0	0	0	0	6.8	0	0	0	0	0
872	0	0	0	0	0	0	0	0	0	0	0	4.9	0	0	0	0	0	0	0	4.9	0
111	2.8	0	0	0	0	0	0	0	0	0	0	0	0	0	0	2.8	0	0	0	0	0
527	0	0	0	0	3.4	0	0	3.4	0	0	0	0	0	0	0	0	0	0	0	0	0
3455	0	0	0	0	5.5	0	0	5.5	0	0	0	0	0	0	0	5.5	0	0	0	0	0
3666	0	0	0	0	0	6.1	0	0	0	0	0	0	0	0	0	0	0	0	0	6.1	0
9623	7.3	0	0	0	0	7.3	0	7.3	0	0	0	0	0	0	0	0	0	0	0	0	0
1560	0	0	0	0	0	0	0	7.4	7.4	0	0	0	0	0	0	0	0	0	7.4	0	0
1742	0	0	0	0	0	0	0	5.1	0	0	0	0	0	0	0	0	0	0	0	0	0
240	0	0	0	0	3.8	0	0	3.8	0	0	0	0	0	0	0	0	0	0	0	0	0
320	0	0	0	0	3.6	0	0	0	0	0	0	3.6	0	0	0	0	0	0	0	0	0
4480	0	0	0	0	6.7	0	0	6.7	0	6.7	0	0	0	0	0	0	0	0	0	0	0
918	5.2	0	0	0	0	0	0	0	0	0	0	0	0	0	0	0	0	0	0	5.2	0
6981	0	0	0	0	6.4	0	0	0	0	0	0	0	0	0	0	6.4	0	0	0	0	0
53	0	0	0	0	0	0	0	0	0	0	0	0	0	0	0	0	0	0	0	4.3	0
13	0	0	0	0	0	0	0	6.5	0	0	0	0	0	6.5	0	6.5	0	0	0	0	0
1903	0	0	0	0	0	0	0	4.4	0	0	0	0	0	0	0	0	0	0	0	4.4	0
1160	3.1	0	0	0	0	0	0	0	0	0	0	3.1	0	0	0	0	3.1	0	0	0	0
1013	0	0	0	0	0	0	0	0	0	0	0	0	0	0	6.3	0	0	0	0	6.3	0
240	5.6	0	0	0	0	0	0	5.6	0	0	0	0	0	0	0	0	0	0	0	0	0
1419	0	0	0	0	0	0	0	0	0	0	0	0	0	0	0	0	0	0	0	3.2	0
273	0	0	0	0	6.2	0	0	0	0	0	0	0	0	0	0	0	0	0	0	0	0
10065	0	0	0	0	6	0	0	6	0	0	0	0	0	0	0	6	0	0	0	0	0
683	0	0	0	0	0	0	0	6.2	0	0	0	0	0	0	0	0	0	0	0	0	0
931	0	0	0	0	0	0	0	4.7	0	0	0	0	0	0	0	0	0	0	0	4.7	0
4141	0	0	0	0	0	0	0	7.3	0	0	0	0	0	0	0	0	0	0	0	7.3	0
653	0	0	0	0	4.9	0	0	0	0	0	0	0	0	0	0	4.9	0	0	0	0	0
3373	0	0	0	0	0	0	0	7.7	0	0	0	0	0	0	0	0	0	0	0	0	0
488	0	0	0	0	0	0	0	0	0	0	0	5.4	0	0	0	5.4	0	0	0	0	0
866	0	0	0	0	0	0	0	0	0	0	0	6.2	0	0	0	0	0	0	0	0	0
639	5.7	5.7	0	0	0	0	0	0	0	0	0	0	0	0	0	0	5.7	0	0	0	0
97	0	0	0	0	0	0	0	6.2	0	0	0	0	0	6.2	0	0	0	0	0	0	0
329	0	0	0	0	5.5	0	0	0	0	0	0	0	0	0	0	5.5	0	0	0	0	0
468	0	0	0	0	6.1	0	0	0	0	0	0	0	0	0	0	0	0	0	0	0	0
2632	0	0	0	0	5	0	0	0	0	0	0	0	0	0	0	0	0	0	0	0	0
12	0	0	0	0	0	0	0	5	0	0	0	0	0	0	0	0	0	0	0	0	0
111	4.2	0	0	0	0	0	0	0	0	0	0	0	0	0	0	0	0	0	0	0	0
43	0	0	0	0	5.3	0	0	0	0	0	0	0	0	0	0	5.3	0	0	0	0	0
28	5.7	0	0	0	0	0	0	0	0	0	0	0	0	0	0	0	0	0	0	0	0
286	0	0	0	0	0	0	0	4.9	0	0	0	0	0	0	0	0	0	0	0	0	0
299	0	0	0	0	5.8	0	0	0	0	0	0	0	0	0	0	5.8	0	0	0	0	0
40	0	0	0	0	3.8	0	0	0	0	0	0	0	0	0	0	0	0	0	0	0	0
336	0	0	0	0	6.5	0	0	0	0	0	0	0	0	0	0	0	0	0	0	0	0
82	0	0	0	0	4.5	0	0	0	0	0	0	0	0	0	0	0	0	0	0	0	0
929	0	0	0	0	0	4.4	0	0	0	0	0	0	0	0	0	0	0	0	0	4.4	0
14300	5.3	0	0	0	0	5.3	0	0	0	0	0	0	0	0	0	0	0	0	0	5.3	0
41052	5.4	0	0	0	0	0	0	0	0	0	0	0	0	0	0	0	0	0	0	5.4	0
159	0	0	5.5	0	0	0	0	0	5.5	0	0	0	0	5.5	0	0	0	0	0	0	0
6211	4.6	0	0	0	0	4.6	0	4.6	0	0	0	0	0	0	0	0	0	0	0	0	0
692	0	0	0	0	3.8	0	0	0	0	0	0	0	0	0	0	3.8	0	0	0	0	0
238	2.4	0	0	0	0	2.4	0	0	0	0	0	0	0	0	0	2.4	0	0	0	0	0
2352	0	0	0	0	0	0	0	6.1	0	0	0	0	0	0	0	6.1	0	0	0	6.1	0
135	0	0	0	0	3	0	0	0	0	0	0	0	0	0	0	3	0	0	0	0	0
5794	0	0	0	0	5.6	0	0	5.6	0	0	0	0	0	0	0	0	0	0	0	0	0
45649	6	0	0	0	6	0	0	0	0	0	0	0	0	0	0	0	0	0	0	0	0
1187	3.5	0	0	0	0	3.5	0	0	0	0	0	0	0	0	0	0	0	0	0	3.5	0
34952	0	0	0	0	7.1	0	0	7.1	0	0	0	0	0	7.1	0	0	0	0	0	0	0
801	6.5	0	0	0	0	6.5	0	6.5	0	0	0	0	0	0	0	0	0	0	0	0	0
38016	8.2	0	0	0	0	0	0	0	0	0	0	0	0	0	0	0	0	0	0	8.2	0
24878	0	0	0	0	0	0	0	7	0	0	0	0	7	7	0	0	0	0	0	0	0
25031	0	0	0	0	0	0	0	7.6	0	0	0	0	0	0	0	0	0	0	7.6	0	0
415	0	0	0	0	0	0	0	4.4	0	0	0	0	0	0	0	4.4	0	0	0	0	0
17246	0	0	0	0	0	0	0	6.4	0	0	0	0	0	6.4	0	6.4	0	0	0	0	0
61	0	0	0	0	5.4	0	0	0	0	0	0	0	0	0	0	5.4	0	0	0	0	0
553	0	0	0	0	0	0	0	6.8	0	0	0	0	0	0	0	0	0	0	0	0	0
13794	0	0	0	0	0	0	0	7.3	0	0	0	0	0	0	0	7.3	0	0	0	0	0
10364	0	7.1	0	0	0	0	0	0	0	0	0	0	0	0	0	0	0	0	0	7.1	0
4702	0	0	0	0	5.4	0	0	5.4	0	0	0	0	0	0	0	0	0	0	0	0	0
4450	0	0	0	0	5.8	5.8	0	0	0	0	0	0	0	0	0	0	0	0	0	5.8	0
3250	0	0	0	0	5	0	0	5	0	0	0	0	0	0	0	5	0	0	0	0	0
4623	0	0	0	0	0	0	0	5.9	0	0	0	0	0	0	0	0	0	0	0	0	0
114	0	0	0	0	0	6.1	0	0	0	0	0	0	0	0	0	0	0	0	0	6.1	0
4224	0	0	0	0	6.4	0	0	6.4	0	0	0	0	0	0	0	6.4	0	0	0	0	0
737	0	0	0	0	0	0	0	6.6	0	6.6	0	0	0	0	0	0	0	0	0	0	0
217	0	0	0	0	6.7	0	0	6.7	0	0	0	0	0	0	0	0	0	0	0	6.7	0
3891	0	0	0	0	5.8	0	0	0	0	0	0	0	0	0	0	0	0	0	0	0	0
7470	1.7	0	0	0	1.7	0	0	0	0	0	0	0	0	0	0	0	0	0	0	0	0
43790	0	0	0	0	0	0	0	7.8	0	0	0	0	0	0	0	7.8	0	0	0	0	0
56205	0	0	0	8.2	0	0	0	8.2	0	0	0	0	0	0	0	0	0	0	8.2	0	0
3118	5.6	0	0	0	0	0	0	5.6	0	0	0	0	0	0	0	5.6	0	0	0	0	0
27434	0	0	0	0	0	0	0	7.6	0	0	0	0	0	0	0	7.6	0	0	0	0	0
3540	6.8	0	0	0	0	6.8	0	6.8	0	0	0	0	0	0	0	0	0	0	0	0	0
145	0	0	0	0	0	0	0	1.9	0	0	0	0	0	0	1.9	1.9	0	0	0	0	0
46590	0	0	0	0	0	8	0	8	0	0	0	0	0	0	0	0	0	0	0	8	0
8421	7.2	0	0	0	0	0	0	0	0	0	0	0	0	0	0	0	0	0	0	7.2	0
90	0	0	0	0	0	0	0	6.8	6.8	0	0	0	0	0	0	0	0	0	0	0	0
313	0	0	0	0	0	0	0	0	0	0	0	0	0	0	5.9	5.9	0	0	0	5.9	0
29	0	0	0	0	0	0	0	7.8	0	0	0	0	0	0	0	7.8	0	0	0	0	0
1064	0	0	0	0	0	0	0	0	0	0	0	3.6	0	0	0	0	3.6	0	0	3.6	0
3628	0	0	0	0	0	0	0	0	0	0	0	5.7	0	0	0	5.7	0	0	0	5.7	0
1586	0	0	0	0	0	0	0	6.2	0	0	0	0	0	0	0	6.2	0	0	0	0	0
2182	0	0	0	0	0	0	0	4.9	0	0	0	0	0	0	4.9	0	0	0	0	4.9	0
10605	6.6	6.6	0	0	6.6	0	0	0	0	0	0	0	0	0	0	0	0	0	0	0	0
2044	5.7	0	0	0	0	0	0	5.7	0	0	0	0	0	0	0	0	0	0	0	0	0
283	0	0	0	0	0	0	0	2.8	0	0	0	0	0	0	0	2.8	0	0	0	0	0
5423	0	0	0	0	4.3	0	0	4.3	0	0	0	0	0	0	0	4.3	0	0	0	0	0
3508	5	0	0	0	0	5	0	5	0	0	0	0	0	0	0	0	0	0	0	0	0
64	0	0	0	0	0	0	0	0	0	0	0	0	0	0	0	0	0	0	0	6.7	0
9674	5.1	0	0	0	0	0	0	0	0	0	0	0	0	0	0	0	0	0	0	0	0
44	0	0	0	0	0	0	0	0	0	0	0	0	0	0	0	0	0	0	0	5.9	0
3965	4.8	0	0	0	4.8	0	0	0	0	0	0	0	0	0	0	0	0	0	0	0	0
15157	0	0	0	0	7.5	0	0	7.5	0	0	0	0	0	0	0	0	0	0	0	0	0
1143	5.3	0	0	0	5.3	0	0	0	0	0	0	0	0	0	0	5.3	0	0	0	0	0
282	0	0	0	0	0	0	0	7.5	7.5	0	0	0	0	0	0	0	0	0	0	0	0
3935	6.1	0	0	0	0	0	0	0	0	0	0	0	0	0	0	0	0	0	0	6.1	0
735	0	0	0	0	0	0	0	5.7	0	0	0	0	0	0	0	0	0	0	0	0	0
387	5.1	0	0	0	0	0	0	5.1	0	0	0	0	0	0	0	0	0	0	0	0	0
415	0	0	0	0	0	0	0	6.8	0	0	0	0	0	0	0	0	0	0	0	0	0
2459	0	0	0	0	6.1	0	0	0	0	0	0	0	0	0	0	0	0	0	0	6.1	0
4576	0	0	0	0	0	0	0	6.7	0	0	0	0	0	0	0	0	0	0	0	0	0
3674	6.5	0	0	0	0	0	0	6.5	0	0	0	0	0	0	0	0	0	0	0	6.5	0
9666	0	0	0	0	6.9	0	0	6.9	0	0	0	0	0	0	0	6.9	0	0	0	0	0
734	0	0	0	0	5.6	0	0	5.6	0	0	0	0	0	0	0	0	0	0	0	0	0
693	0	0	0	0	5.3	0	0	5.3	0	0	0	0	0	0	0	0	0	0	0	5.3	0
21393	7.7	0	0	0	0	0	0	7.7	0	0	0	0	0	0	0	0	0	0	0	7.7	0
883	0	0	0	0	7.1	0	0	7.1	0	0	0	0	0	0	0	0	0	0	0	0	0
1263	4	0	0	0	4	0	0	0	0	0	0	0	0	0	0	0	0	0	0	0	0
17483	0	0	0	0	0	8.1	0	8.1	0	0	0	0	0	0	8.1	0	0	0	0	0	0
1406	0	0	0	0	0	0	0	6.5	0	0	0	0	0	0	0	0	0	0	0	6.5	0
208	0	0	0	0	2.7	0	0	2.7	0	0	0	0	0	0	0	0	0	0	0	0	0
582	0	0	0	0	0	0	0	7.3	0	0	0	0	0	0	0	0	0	0	0	0	0
205	5.1	0	0	0	0	5.1	0	5.1	0	0	0	0	0	0	0	0	0	0	0	0	0
1581	0	0	0	0	0	0	0	6.3	0	0	0	0	0	0	0	6.3	0	0	0	6.3	0
5699	0	0	0	0	0	0	0	5.7	0	0	0	0	0	0	0	5.7	0	0	0	0	0
156	0	0	0	0	4.3	0	0	0	0	0	0	0	0	0	0	0	0	0	0	0	0
1098	0	0	0	0	0	0	0	3.2	0	0	0	0	0	0	0	0	0	0	0	3.2	0
882	5.9	0	0	0	0	5.9	0	5.9	0	0	0	0	0	0	0	0	0	0	0	0	0
866	0	0	0	0	5.5	0	0	0	0	0	0	0	0	0	0	0	0	0	0	0	5.5
1424	0	0	0	0	0	0	0	0	0	0	0	4.3	0	0	0	0	0	0	0	0	0
114	0	0	0	0	0	0	0	6.6	0	0	0	0	0	0	0	0	0	0	0	0	0
657	0	0	0	0	2	0	0	0	0	0	0	0	0	0	0	0	0	0	0	2	0
5	0	0	0	0	0	0	0	5.2	0	0	0	0	0	0	0	0	0	0	0	0	0
56406	0	0	0	0	8.2	0	0	8.2	0	0	0	0	0	0	0	0	0	0	0	0	0
86	0	0	6.8	0	0	0	0	0	0	0	0	0	0	0	0	0	0	0	0	0	0
151	0	5.1	0	0	5.1	0	0	5.1	0	0	0	0	0	0	0	0	0	0	0	0	0
414	0	0	0	4.8	0	0	0	4.8	0	0	0	0	0	0	0	0	0	0	0	0	0
8672	0	0	0	0	8	0	0	8	0	0	0	0	0	0	0	0	0	0	0	0	0
6	0	0	0	0	0	0	0	6.3	0	0	0	0	0	0	0	0	0	0	0	0	0
80	0	0	0	0	4	0	0	0	0	0	0	0	0	0	0	0	0	0	0	0	0
1481	0	0	5.7	0	5.7	0	0	5.7	0	0	0	0	0	0	0	0	0	0	0	0	0
360	0	0	0	0	5.7	0	0	0	0	5.7	0	0	0	0	0	5.7	0	0	0	0	0
6708	5.1	5.1	0	0	0	0	0	0	0	0	0	0	0	0	0	0	0	0	0	5.1	0
59	0	0	0	0	0	0	0	0	0	0	0	0	0	0	0	0	0	0	0	5.2	0
29994	8.2	0	0	8.2	0	8.2	0	0	0	0	0	0	0	0	0	0	0	0	0	0	0
2700	0	0	0	0	0	6.3	0	6.3	0	0	0	0	0	0	0	6.3	0	0	0	0	0
6081	0	0	0	0	5.7	0	0	5.7	0	0	0	0	0	0	0	5.7	0	0	0	0	0
2001	3.9	0	0	0	0	3.9	0	3.9	0	0	0	0	0	0	0	0	0	0	0	0	0
7533	5.5	0	0	0	5.5	0	0	0	0	0	0	0	0	0	0	0	0	0	0	0	0
5833	0	0	0	0	0	0	0	8	0	0	0	0	0	0	0	0	0	0	0	0	0
3621	4.1	0	0	0	0	4.1	0	0	0	0	0	0	0	0	0	0	0	0	0	4.1	0
1334	7.2	0	0	0	0	0	0	7.2	0	0	0	0	0	0	0	0	0	0	0	0	7.2
36801	0	0	0	0	0	7.2	0	7.2	0	0	0	0	0	0	7.2	0	0	0	0	0	0
53181	0	0	0	0	0	0	0	0	0	0	0	0	0	0	8.1	0	0	0	0	8.1	0
20827	6.9	0	0	0	0	0	0	6.9	0	0	0	0	0	0	0	0	0	0	0	0	0
4716	0	0	0	0	2.4	0	0	0	2.4	0	0	0	0	0	0	0	2.4	0	0	0	0
1251	0	0	0	0	7.1	0	0	7.1	0	0	0	0	0	0	0	7.1	0	0	0	0	0
3763	0	0	0	0	0	0	0	5.1	0	0	0	0	0	0	0	0	0	0	0	0	0
71636	8.2	0	0	0	8.2	8.2	0	0	0	0	0	0	0	0	0	0	0	0	0	0	0
71636	8.2	0	0	0	8.2	8.2	0	0	0	0	0	0	0	0	0	0	0	0	0	0	0
78	0	0	0	0	5.6	0	0	0	0	0	0	0	0	5.6	0	0	0	0	0	0	0
783	0	0	0	0	0	0	0	0	0	3.9	0	0	0	0	3.9	3.9	0	0	0	0	0
12146	5.2	0	0	0	5.2	0	0	0	0	0	0	0	0	5.2	0	0	0	0	0	0	0
26996	5.5	0	0	0	0	0	0	0	0	0	0	0	0	0	0	5.5	0	0	0	5.5	0
3494	0	0	0	0	5	0	0	0	0	0	0	0	0	0	0	0	0	0	0	0	0
9143	0	0	0	0	0	7.2	0	0	0	0	0	0	0	0	7.2	0	0	0	0	7.2	0
70443	0	0	0	0	8.1	0	0	8.1	0	0	0	0	0	0	0	8.1	0	0	0	0	0
14077	4.9	0	0	0	4.9	0	0	0	0	0	0	0	0	0	0	0	0	0	0	0	0
4693	0	0	0	0	6.4	0	0	6.4	6.4	0	0	0	0	0	0	0	0	0	0	0	0
2742	0	0	0	0	0	0	0	5.9	0	0	0	0	0	0	0	5.9	0	0	0	0	0
3831	0	0	0	0	5.8	0	0	5.8	0	0	0	0	0	0	0	5.8	0	0	0	0	0
14	0	0	0	0	0	0	0	0	0	0	0	0	0	0	0	0	0	0	0	4.3	0
27	0	0	0	0	0	0	0	0	0	0	0	0	0	0	0	4.7	0	0	0	0	0
12514	0	0	0	0	6.3	0	0	6.3	0	0	0	0	0	0	0	6.3	0	0	0	0	0
13358	0	0	0	0	5.4	0	0	5.4	0	0	0	0	0	0	0	5.4	0	0	0	0	0
207	0	0	0	0	0	0	0	0	0	0	0	2.2	0	0	0	0	0	0	0	0	0
48945	0	0	0	0	0	0	0	6.7	0	0	0	0	0	0	0	6.7	0	0	0	0	0
8258	4	0	0	0	4	0	0	0	0	0	0	0	0	0	0	0	0	0	0	0	0
13537	0	0	0	8.3	0	8.3	0	8.3	0	0	0	0	0	0	0	0	0	0	0	0	0
31107	0	0	0	0	7.8	0	0	7.8	7.8	0	0	0	0	0	0	0	0	0	0	0	0
444	0	0	0	0	6.1	6.1	0	0	0	0	0	0	0	0	0	0	0	0	0	0	0
68	0	0	0	0	6.2	0	0	0	0	0	0	0	0	0	0	6.2	0	0	0	0	0
902	3.2	0	0	0	0	3.2	0	0	0	0	0	0	0	0	0	0	0	0	0	3.2	0
983	0	0	0	0	0	0	0	0	0	0	0	0	0	0	0	4.2	0	0	0	0	0
87	0	0	0	0	0	0	0	6.2	0	0	0	0	0	0	0	0	0	0	0	6.2	0
63	0	0	0	0	5.5	0	0	0	0	0	0	0	0	0	0	5.5	0	0	0	0	0
26	0	0	0	0	0	0	0	5.7	0	0	0	0	0	0	0	0	0	0	0	0	0
374	0	0	0	0	4.1	0	0	0	0	0	0	0	0	0	0	4.1	0	0	0	0	0
1063	0	0	0	0	3.5	0	0	0	0	0	0	0	0	3.5	0	3.5	0	0	0	0	0
195	0	0	0	0	0	0	7.5	0	0	0	0	0	0	0	0	0	0	0	0	0	0
23	0	0	0	0	0	0	0	0	0	0	0	0	0	0	0	2.7	0	0	0	2.7	0
1587	0	0	0	0	0	0	0	4.8	0	0	0	4.8	0	0	0	4.8	0	0	0	0	0
178	0	0	0	0	3.5	0	0	0	0	0	0	0	0	0	0	0	0	0	0	0	0
23	0	0	0	0	0	0	0	0	0	0	0	0	0	0	0	0	5.8	0	0	0	0
893	5.1	0	0	0	0	0	0	5.1	0	0	0	0	0	0	0	0	0	0	0	5.1	0
157	0	0	0	0	6	0	0	0	0	0	0	0	0	0	0	0	0	0	0	0	0
1571	0	0	0	0	4.3	0	0	0	0	0	0	0	0	0	0	4.3	0	0	0	0	0
793	0	0	0	0	0	3.7	0	0	0	0	0	0	0	0	0	0	0	0	0	3.7	0
2030	0	0	0	0	7.2	0	0	0	0	0	0	0	0	0	0	0	0	0	0	0	0
46072	0	0	0	0	8.2	0	0	8.2	0	8.2	0	0	0	0	0	0	0	0	0	0	0
2876	6.8	0	0	0	0	0	0	6.8	0	0	0	0	0	0	0	0	0	0	0	6.8	0
22	0	0	0	0	0	0	0	6	0	0	0	0	0	0	0	0	0	0	0	0	0
6214	6.5	0	0	0	0	0	0	6.5	0	0	0	0	0	0	0	6.5	0	0	0	0	0
3234	0	0	0	0	0	0	0	5.3	0	0	0	0	0	0	0	0	0	0	0	5.3	0
67	0	0	6.5	0	0	0	0	6.5	0	0	0	0	0	6.5	0	0	0	0	0	0	0
36545	0	0	0	0	7.8	0	0	0	0	0	0	0	0	0	0	7.8	0	0	0	0	0
157	6.3	6.3	6.3	0	0	0	0	0	0	0	0	0	0	0	0	0	0	0	0	0	0
233	0	0	0	0	5.5	0	0	0	0	0	0	0	0	0	0	0	0	0	0	0	0
187	4.9	0	0	0	0	4.9	0	4.9	0	0	0	0	0	0	0	0	0	0	0	0	0
21	0	0	0	0	0	0	0	0	0	0	0	0	0	0	0	4.5	0	0	0	4.5	0
339	0	0	0	0	0	0	0	0	0	0	0	0	0	0	0	4.1	0	0	0	0	0
3669	0	0	0	0	4.7	0	0	4.7	0	0	0	0	0	0	0	4.7	0	0	0	0	0
491	0	0	0	0	4.2	0	0	0	0	0	0	0	0	0	0	4.2	0	0	0	0	0
41	0	0	0	0	6.3	0	0	6.3	0	0	0	0	0	0	0	0	0	0	0	0	0
285	0	0	0	0	0	0	0	0	0	0	0	5.5	0	0	5.5	0	0	0	0	5.5	0
334	0	0	0	0	0	0	0	7.2	7.2	0	0	0	0	0	7.2	0	0	0	0	0	0
532	0	4.2	0	0	4.2	4.2	0	0	0	0	0	0	0	0	0	0	0	0	0	0	0
24	0	0	0	0	0	0	0	0	6.9	0	0	0	0	0	0	0	0	0	0	0	0
1286	6.8	6.8	6.8	0	0	0	0	0	0	0	0	0	0	0	0	0	0	0	0	0	0
480	0	0	0	0	0	0	0	0	0	0	0	2.5	0	0	2.5	0	0	0	0	2.5	0
3219	0	0	0	0	0	6.4	0	6.4	0	0	0	0	0	0	0	0	0	0	0	0	0
3162	0	0	0	0	7.3	0	0	0	0	0	0	0	0	0	0	0	0	0	0	0	0
9	0	0	0	0	0	0	0	0	0	0	0	0	0	0	0	0	0	0	0	3.1	0
47109	7.1	0	0	0	0	7.1	0	0	0	0	0	0	0	0	0	0	0	0	0	7.1	0
268	0	0	0	0	2.5	0	0	2.5	0	0	0	0	0	0	0	0	0	0	0	0	0
547	1.7	1.7	0	0	1.7	0	0	0	0	0	0	0	0	0	0	0	0	0	0	0	0
84	0	0	0	0	0	0	0	6.3	0	0	0	0	0	0	0	0	0	0	0	6.3	0
18	0	0	0	0	3.6	0	0	3.6	0	0	0	0	0	0	0	0	0	0	0	0	0
388	0	0	0	0	4	0	0	4	0	0	0	0	0	0	0	4	0	0	0	0	0
334	0	0	0	0	5.3	5.3	0	5.3	0	0	0	0	0	0	0	0	0	0	0	0	0
8301	0	0	0	0	0	0	0	5.6	0	0	0	0	0	0	0	0	0	0	5.6	0	0
36221	4.6	4.6	0	0	0	0	0	0	0	0	0	0	0	0	0	0	4.6	0	0	0	0
60826	0	0	0	0	8.1	0	0	8.1	0	0	0	0	0	0	0	0	0	0	0	0	0
274	4	4	0	0	0	0	0	0	0	0	0	0	0	0	0	0	0	0	0	0	0
3653	6.2	0	0	0	0	6.2	0	6.2	0	0	0	0	0	0	0	0	0	0	0	0	0
4964	0	0	0	0	0	0	0	4.7	0	0	0	0	0	0	0	4.7	0	0	0	0	4.7
5059	0	0	0	0	0	0	0	6.1	0	0	0	0	0	0	6.1	0	0	0	0	6.1	0
259	4.9	0	0	0	4.9	0	0	4.9	0	0	0	0	0	0	0	0	0	0	0	0	0
351	0	0	0	0	5.2	0	0	5.2	0	0	0	0	0	0	0	5.2	0	0	0	0	0
2758	0	0	0	0	4.6	0	0	4.6	0	0	0	0	0	0	0	0	0	0	0	0	0
12091	0	0	0	0	6.7	0	0	6.7	0	0	0	0	0	0	0	6.7	0	0	0	0	0
403	0	0	0	0	0	0	0	5.4	0	0	0	0	0	0	0	5.4	0	0	0	0	0
237	0	0	0	0	5.4	0	0	5.4	0	0	0	0	0	0	0	5.4	0	0	0	0	0
220	0	0	0	0	5.7	0	0	5.7	0	0	0	0	0	0	0	0	0	0	0	0	0
4747	0	0	0	0	4.6	0	0	0	0	0	0	0	0	0	0	0	0	0	0	0	0
3387	0	0	0	0	5.7	0	0	5.7	0	0	0	0	0	0	0	5.7	0	0	0	0	0
3105	0	0	0	0	3.8	3.8	0	3.8	0	0	0	0	0	0	0	0	0	0	0	0	0
20745	4.6	0	0	0	4.6	0	0	0	0	0	0	0	0	0	0	4.6	0	0	0	0	0
10164	0	0	0	7.2	0	7.2	0	7.2	0	0	0	0	0	0	0	0	0	0	0	0	0
2123	0	0	0	0	5.7	0	0	5.7	0	0	0	0	0	0	0	0	0	0	5.7	0	0
8390	0	0	0	0	5.8	0	0	0	5.8	0	0	0	0	0	0	5.8	0	0	0	0	0
1786	5.1	0	0	0	0	5.1	0	5.1	0	0	0	0	0	0	0	0	0	0	0	0	0
3739	5.6	0	0	0	5.6	0	0	5.6	0	0	0	0	0	0	0	0	0	0	0	0	0
92	0	0	0	0	0	0	0	5.8	0	0	0	0	0	0	0	0	0	0	0	5.8	0
285	0	0	0	0	6.1	0	0	6.1	0	0	0	0	0	0	0	0	0	0	0	0	0
59	0	0	0	0	0	0	0	3.7	0	0	0	0	0	0	0	3.7	0	0	0	0	0
43	3.9	0	0	0	0	0	0	3.9	0	0	0	0	0	0	0	0	0	0	0	3.9	0
80	6.5	0	0	0	0	0	0	6.5	0	0	0	0	0	0	0	0	0	0	0	0	0
533	5.1	0	0	0	0	5.1	0	5.1	0	0	0	0	0	0	0	0	0	0	0	0	0
68	0	0	0	0	0	0	0	5.1	0	0	0	0	0	0	0	5.1	0	0	0	0	0
22	0	0	0	0	5.4	5.4	0	0	0	0	0	0	0	0	0	0	0	0	0	5.4	0
1648	7	0	0	0	0	7	0	7	0	0	0	0	0	0	0	0	0	0	0	0	0
2377	2.9	0	0	0	2.9	2.9	0	0	0	0	0	0	0	0	0	0	0	0	0	0	0
7616	7.2	0	0	0	0	7.2	0	7.2	0	0	0	0	0	0	0	0	0	0	0	0	0
35757	0	0	0	0	0	0	0	7.7	0	0	0	0	7.7	7.7	0	0	0	0	0	0	0
6255	0	0	0	0	7.4	0	0	7.4	7.4	0	0	0	0	0	0	0	0	0	0	0	0
91	0	0	0	0	0	0	0	0	0	0	0	0	0	0	0	6	0	0	0	0	0
4629	0	0	0	0	0	0	0	6.2	0	0	0	0	0	0	0	0	0	0	0	0	0
297	0	0	0	0	4.3	0	0	4.3	0	0	0	0	0	0	0	0	0	0	0	0	0
2580	5.6	0	0	0	0	5.6	0	0	0	0	0	0	0	0	0	0	0	0	0	5.6	0
930	0	0	0	0	5.7	0	0	5.7	0	0	0	0	0	0	0	5.7	0	0	0	0	0
1793	0	0	0	0	0	0	0	7.2	0	0	0	0	0	0	7.2	0	0	0	0	7.2	0
2819	0	0	0	0	6.8	0	0	6.8	0	0	0	0	0	0	0	0	0	0	0	0	0
60	0	0	0	0	5.5	0	0	5.5	5.5	0	0	0	0	0	0	0	0	0	0	0	0
1888	0	0	0	0	0	0	0	0	0	0	0	6.2	0	0	6.2	0	0	0	0	6.2	0
68	0	0	0	5.6	0	0	0	5.6	0	0	0	0	0	0	0	0	0	0	0	5.6	0
2296	0	0	0	0	0	0	0	4.9	0	0	0	4.9	0	0	4.9	0	0	0	0	0	0
6	5.8	0	0	0	5.8	5.8	0	0	0	0	0	0	0	0	0	0	0	0	0	0	0
5407	0	0	0	0	7.8	0	0	7.8	7.8	0	0	0	0	0	0	0	0	0	0	0	0
5899	6.2	0	0	0	0	0	0	6.2	0	0	0	6.2	0	0	0	0	0	0	0	0	0
18369	0	0	0	0	7.7	0	0	7.7	0	0	0	0	0	0	0	7.7	0	0	0	0	0
25281	7.5	0	0	0	7.5	7.5	0	0	0	0	0	0	0	0	0	0	0	0	0	0	0
1230	0	0	0	0	4	4	0	4	0	0	0	0	0	0	0	0	0	0	0	0	0
1179	0	0	0	0	4.7	0	0	4.7	0	0	0	0	0	0	0	0	0	0	0	0	0
119	0	0	0	0	0	0	0	4.3	0	0	0	0	0	0	0	0	0	0	0	0	0
225	3.9	0	0	0	3.9	3.9	0	0	0	0	0	0	0	0	0	0	0	0	0	0	0
56	0	0	0	0	2.3	0	0	2.3	0	0	0	0	0	0	0	2.3	0	0	0	0	0
13176	6.7	0	0	0	0	0	0	6.7	0	0	0	0	0	0	0	0	0	0	0	0	0
8067	0	0	0	6.6	0	0	0	6.6	0	0	0	0	0	0	0	0	0	0	0	0	0
8069	0	0	0	0	5.9	0	0	5.9	0	0	0	0	0	0	0	5.9	0	0	0	0	0
316	2.5	0	0	0	0	2.5	0	2.5	0	0	0	0	0	0	0	0	0	0	0	0	0
188	0	0	0	0	0	0	0	2.6	0	0	2.6	0	0	0	0	0	0	0	0	0	2.6
12089	0	0	0	0	5.7	0	0	5.7	0	0	0	0	0	0	0	0	0	0	0	0	0
6497	6.4	0	0	0	0	0	0	0	0	0	0	0	0	0	0	0	0	0	0	6.4	0
666	0	0	0	0	0	5	0	5	0	0	0	0	0	0	0	0	0	0	0	5	0
429	0	0	0	0	0	0	0	7.3	0	0	0	0	0	0	0	0	0	0	0	0	0
166	0	0	0	0	0	0	0	5.3	0	0	0	0	0	0	5.3	5.3	0	0	0	0	0
121	5.7	0	0	0	0	5.7	0	5.7	0	0	0	0	0	0	0	0	0	0	0	0	0
329	4.4	0	0	0	0	0	0	4.4	0	0	0	0	0	0	4.4	0	0	0	0	0	0
270	0	0	0	0	3.7	3.7	0	3.7	0	0	0	0	0	0	0	0	0	0	0	0	0
3708	0	0	0	0	6.9	0	0	0	0	0	0	0	0	0	0	6.9	0	0	0	0	0
31	0	0	0	0	5.5	0	0	5.5	0	0	0	0	0	0	0	0	0	0	0	0	0
3709	7.2	0	0	0	0	7.2	0	7.2	0	0	0	0	0	0	0	0	0	0	0	0	0
159	0	0	0	0	3	0	0	3	0	0	0	0	0	0	0	3	0	0	0	0	0
94	0	0	0	0	0	0	0	5.4	0	0	0	0	0	0	0	5.4	0	0	0	0	0
379	0	0	0	0	0	0	0	7.3	0	0	0	0	0	0	0	0	0	0	0	0	0
1606	0	0	0	0	0	0	0	4.1	0	0	0	0	0	0	0	4.1	0	0	0	0	0
191	0	0	0	0	0	0	0	4.6	0	0	0	4.6	0	0	0	4.6	0	0	0	0	0
113	0	0	0	0	0	0	0	3.9	0	0	0	0	0	0	0	0	0	0	0	0	0
2314	0	0	0	0	4.2	0	0	4.2	0	0	0	0	0	0	0	4.2	0	0	0	0	0
1341	0	0	0	0	0	4.1	0	4.1	0	0	0	0	0	0	0	0	0	0	0	4.1	0
67	0	0	0	0	0	0	0	4.6	0	0	0	0	0	0	0	4.6	0	0	0	0	0
6801	4.6	4.6	0	0	0	0	0	4.6	0	0	0	0	0	0	0	0	0	0	0	0	0
92755	0	0	0	0	0	0	0	8	0	0	0	0	0	0	0	0	0	0	0	0	0
628	4.2	4.2	4.2	0	0	0	0	0	0	0	0	0	0	0	0	0	0	0	0	0	0
100	0	0	0	0	2.7	0	0	2.7	0	0	0	0	0	0	0	0	0	0	0	0	0
799	0	0	0	0	0	6.4	0	6.4	0	0	0	0	0	0	0	0	0	0	0	6.4	0
512	0	0	0	0	3.8	0	0	3.8	0	3.8	0	0	0	0	0	0	0	0	0	0	0
1413	0	0	0	0	0	0	0	4.9	4.9	0	0	0	0	0	0	0	0	0	0	0	0
11605	6	0	0	0	0	0	0	6	0	0	0	0	0	0	0	6	0	0	0	0	0
1136	0	0	0	0	0	0	0	7.1	0	0	0	0	0	0	0	0	0	0	0	0	0
1462	0	0	0	0	2.9	0	0	2.9	0	0	0	2.9	0	0	0	0	0	0	0	0	0
132	3.4	3.4	0	0	0	0	0	3.4	0	0	0	0	0	0	0	0	0	0	0	0	0
502	6.4	0	0	0	0	0	0	6.4	0	0	0	0	0	0	0	0	0	0	6.4	0	0
281	6.2	0	0	0	0	6.2	0	6.2	0	0	0	0	0	0	0	0	0	0	0	0	0
594	5	0	0	0	0	0	0	5	0	0	0	0	0	0	0	0	0	0	0	5	0
1385	0	0	0	0	5.3	0	0	5.3	0	5.3	0	0	0	0	0	0	0	0	0	0	0
1733	0	0	0	0	6.1	0	0	6.1	0	0	0	0	0	0	0	6.1	0	0	0	0	0
3897	5.4	5.4	0	0	0	0	0	5.4	0	0	0	0	0	0	0	0	0	0	0	0	0
9431	0	0	0	0	7.3	0	0	7.3	0	0	0	0	0	0	0	7.3	0	0	0	0	0
2836	0	0	0	0	4.6	0	0	0	0	0	0	0	0	0	0	4.6	0	0	0	0	0
9451	0	0	0	0	0	0	0	7	0	0	0	0	0	0	7	0	0	0	0	7	0
792	0	0	0	0	6.6	0	0	6.6	0	6.6	0	0	0	0	0	0	0	0	0	0	0
2562	0	0	0	0	4.7	0	0	4.7	0	0	0	0	4.7	0	0	0	0	0	0	0	0
15169	7.4	0	0	0	0	7.4	0	7.4	0	0	0	0	0	0	0	0	0	0	0	0	0
5094	0	0	0	0	4.2	0	0	0	0	0	0	0	0	0	0	4.2	4.2	0	0	0	0
206	0	0	0	0	0	0	0	3.4	0	0	0	0	0	0	3.4	0	0	0	0	3.4	0
1961	4.2	0	0	0	4.2	4.2	0	0	0	0	0	0	0	0	0	0	0	0	0	0	0
11792	0	0	0	0	0	0	0	7	0	0	0	0	0	0	0	0	0	0	0	0	0
15925	0	0	0	0	0	0	0	7.4	0	0	0	0	0	0	0	0	0	0	0	0	0
307	0	0	0	0	5.7	0	0	5.7	0	0	0	0	0	0	0	0	0	0	0	0	0
11141	0	0	0	0	7.4	0	0	7.4	0	0	0	0	0	0	0	0	0	0	0	0	0
2200	0	0	0	0	0	0	0	6.9	0	0	0	0	0	0	6.9	0	0	0	0	6.9	0
8717	0	0	0	0	5.6	5.6	0	5.6	0	0	0	0	0	0	0	0	0	0	0	0	0
1753	4.2	0	0	0	0	0	0	0	0	0	0	0	0	0	0	0	4.2	0	0	4.2	0
613	0	0	0	0	4.7	0	0	4.7	0	4.7	0	0	0	0	0	0	0	0	0	0	0
642	0	0	0	0	0	0	0	7.5	0	0	0	0	0	0	0	0	0	0	0	7.5	0
5697	0	0	0	0	5.8	0	0	5.8	0	0	0	0	0	5.8	0	0	0	0	0	0	0
1857	5.9	0	0	0	0	5.9	0	5.9	0	0	0	0	0	0	0	0	0	0	0	0	0
10417	0	0	0	0	2.5	2.5	0	0	0	0	0	0	0	0	0	0	0	0	0	0	0
11568	0	0	0	0	5.3	0	0	0	0	0	0	0	0	0	0	0	0	0	0	0	0
966	7	0	0	0	0	7	0	7	0	0	0	0	0	0	0	0	0	0	0	0	0
3714	0	0	0	0	5.2	0	0	5.2	0	0	0	0	0	0	0	5.2	0	0	0	0	0
87	4.8	0	0	0	0	4.8	0	4.8	0	0	0	0	0	0	0	0	0	0	0	0	0
293	0	0	0	0	0	0	0	3.5	0	0	0	3.5	0	0	3.5	0	0	0	0	0	0
698	0	5.5	0	0	0	0	0	0	0	0	0	5.5	0	0	0	5.5	0	0	0	0	0
339	0	0	0	0	5.2	0	0	5.2	0	0	0	0	0	0	0	0	0	0	0	0	0
66	6.1	0	0	0	0	0	0	6.1	0	0	0	0	0	0	0	0	0	0	0	6.1	0
1871	5.2	0	0	0	0	0	0	5.2	0	0	0	0	0	0	0	5.2	0	0	0	0	0
9	0	0	0	0	0	0	0	4.8	0	0	0	0	0	0	0	0	0	0	0	0	0
342	0	0	0	0	0	6.8	0	6.8	0	0	0	0	0	0	0	0	0	0	0	0	0
4894	0	0	0	0	7.1	7.1	0	7.1	0	0	0	0	0	0	0	0	0	0	0	0	0
20	0	0	0	7.3	0	0	0	7.3	0	0	7.3	0	0	0	0	0	0	0	0	0	0
194	0	0	0	0	3.5	0	0	3.5	0	0	0	0	0	0	0	0	0	0	0	0	0
14081	0	0	0	0	7.2	0	0	7.2	0	0	0	0	0	0	0	7.2	0	0	0	0	0
115	0	0	0	0	0	0	0	4.3	0	0	0	4.3	0	0	4.3	0	0	0	0	0	0
459	0	0	0	0	0	0	0	3.2	0	0	0	3.2	0	0	3.2	0	0	0	0	0	0
1949	0	0	0	0	0	0	0	7.6	0	0	0	0	0	0	0	7.6	0	0	0	0	0
25794	6.3	0	0	0	6.3	0	0	0	0	0	0	0	0	0	0	0	0	0	0	0	0
258	0	0	0	0	6.2	0	0	6.2	0	0	0	0	0	0	0	0	0	0	0	0	0
26	0	0	0	0	0	0	0	5.7	0	0	0	0	0	0	0	0	0	0	0	0	0
482	0	0	0	0	0	0	0	6	6	0	0	0	0	0	0	0	0	0	0	6	0
40	0	0	0	0	0	0	0	3.5	0	0	0	0	0	0	0	3.5	0	0	0	3.5	0
804	0	0	0	0	0	0	0	6.9	0	0	0	0	0	0	0	0	0	0	0	0	0
9872	0	0	0	0	7.2	0	0	7.2	0	0	0	0	0	0	0	0	0	0	0	0	0
16	2.7	0	0	0	0	0	0	2.7	0	0	0	0	0	0	2.7	0	0	0	0	0	0
83	6.6	0	0	0	0	6.6	0	6.6	0	0	0	0	0	0	0	0	0	0	0	0	0
39567	0	0	0	0	0	0	0	8.2	0	0	0	0	0	0	0	0	0	0	0	0	0
175	0	0	0	0	0	0	0	4.2	0	0	0	0	0	0	0	0	0	0	0	0	0
278	0	0	0	0	6	6	0	6	0	0	0	0	0	0	0	0	0	0	0	0	0
338	0	0	0	0	0	0	0	0	0	0	0	4.4	0	0	0	0	0	0	0	4.4	0
7059	0	0	0	0	5.6	0	0	5.6	0	0	0	0	0	0	0	5.6	0	0	0	0	0
146	0	0	0	0	4.3	0	0	0	0	0	0	0	0	0	0	0	0	0	0	0	0
2987	7	0	0	0	0	7	0	0	0	0	0	0	0	0	0	0	0	0	0	7	0
4556	0	0	0	0	7.6	0	0	7.6	0	0	0	0	0	0	0	0	0	0	0	0	0
1774	0	0	0	0	7.2	0	0	0	7.2	0	0	0	0	0	0	0	0	0	0	0	0
137	0	0	0	0	0	0	0	3.7	0	0	0	0	0	0	0	3.7	0	0	0	0	0
361	0	5.9	5.9	0	0	0	0	0	5.9	0	0	0	0	0	0	0	0	0	0	0	0
40	0	0	0	0	0	0	0	4.8	0	0	0	0	0	0	0	0	0	0	0	0	0
1686	5	0	0	0	0	0	0	5	0	0	0	0	0	0	0	0	0	0	0	5	0
4660	0	0	0	0	7.5	7.5	0	7.5	0	0	0	0	0	0	0	0	0	0	0	0	0
344	0	0	0	0	5.7	0	0	5.7	0	0	0	0	0	0	0	5.7	0	0	0	0	0
3186	0	0	0	0	8	0	0	8	8	0	0	0	0	0	0	0	0	0	0	0	0
209	3.2	0	0	0	0	0	0	3.2	0	0	0	3.2	0	0	0	0	0	0	0	0	0
357	0	0	0	0	0	0	0	7.1	0	0	0	0	0	0	0	0	0	0	0	0	0
3221	0	0	0	0	0	7.2	0	7.2	0	0	0	0	0	0	0	0	0	0	0	0	0
82	4.2	0	0	0	0	4.2	0	4.2	0	0	0	0	0	0	0	0	0	0	0	0	0
191	0	0	0	0	0	6	0	6	0	0	0	0	0	0	0	0	0	0	0	6	0
318	6.4	0	0	0	0	0	0	6.4	0	0	0	0	0	0	0	0	0	0	0	6.4	0
1602	0	0	0	0	7.3	0	0	0	0	0	0	0	0	0	0	0	0	0	0	0	0
666	0	0	0	0	0	8	0	8	0	0	0	0	0	0	0	0	0	0	0	0	0
1699	0	0	0	7.1	0	0	0	7.1	0	0	0	0	0	0	0	7.1	0	0	0	0	0
472	0	0	0	0	0	0	0	7.4	0	0	0	0	0	0	0	0	0	0	0	0	0
280	0	0	0	0	0	0	0	7.3	0	0	0	0	0	0	0	0	0	0	0	0	0
47924	8.2	8.2	0	0	8.2	0	0	0	0	0	0	0	0	0	0	0	0	0	0	0	0
